0.000000
0.000000
0.000000
0.000000
0.000000
0.999976
0.999914
0.000000
0.000000
0.000000
0.000037
0.000000
0.000000
0.000591
0.000000
0.000001
0.000000
0.000000
0.000003
0.000063
0.000000
0.000000
0.000000
0.000000
0.000233
0.000000
0.000001
0.000000
0.000002
0.000000
0.000010
0.000000
0.000000
0.000001
0.991828
0.000000
0.000010
0.000010
0.000000
0.000083
0.000001
0.000000
0.000009
0.000002
0.000000
0.000000
0.000000
0.000010
0.000000
0.000005
0.000000
0.000000
0.000000
0.000000
0.000027
0.000232
0.000000
0.000000
0.000020
0.000000
0.000000
0.000000
0.000001
0.000000
0.000000
0.000002
0.000000
0.000000
0.000000
0.000012
0.000093
0.000451
0.000000
0.000001
0.000001
0.002966
0.000011
0.000000
0.000000
0.000000
0.000000
0.000000
0.000002
0.000000
0.000001
0.000000
0.000000
0.000007
0.000000
0.000083
0.000001
0.000001
0.000048
0.000000
0.000000
0.000000
0.000000
0.000000
0.001394
0.000001
0.000010
0.000011
0.011924
0.000013
0.000035
0.000006
0.000245
0.000021
0.000000
0.000000
0.006991
0.000000
0.003508
0.000000
0.000000
0.000000
0.000026
0.000002
0.000000
0.000024
0.000000
0.000002
0.000038
0.004244
0.000000
0.000001
0.000000
0.999503
0.012585
0.000000
0.000004
0.000000
0.000000
0.000001
0.000001
0.878498
0.001684
0.000020
0.000000
0.000000
0.000000
0.000000
0.000001
0.000003
0.000000
0.000002
0.000000
0.000006
0.000001
0.000000
0.000005
0.000000
0.000000
0.000001
0.000000
0.000000
0.000000
0.000000
0.000000
0.000000
0.000000
0.000016
0.000000
0.000010
0.000000
0.000000
0.000002
0.000046
0.000000
0.000000
0.442481
0.000000
0.000000
0.000349
0.001198
0.000000
0.000000
0.000000
0.000000
0.247644
0.000002
0.012826
0.000000
0.000000
0.000000
0.016422
0.000000
0.000000
0.000000
0.000367
0.000001
0.000000
0.143410
0.000015
0.000001
0.000000
0.000176
0.000064
0.000081
0.000000
0.000320
0.000019
0.000000
0.000000
0.000003
0.000000
0.000000
0.000000
0.000001
0.000004
0.983280
0.000000
0.000000
0.000000
0.620937
0.000000
0.000002
0.000043
0.000003
0.000093
0.518666
0.000000
0.731790
0.000001
0.000000
0.000000
0.000000
0.000000
0.011056
0.000000
0.000000
0.000000
0.014191
0.000000
0.000000
0.000000
0.000000
0.999878
0.000000
0.000308
0.000000
0.000000
0.000000
0.000002
0.995032
0.000000
0.000000
0.999805
0.000000
0.000000
0.000000
0.000000
0.000000
0.000000
0.000000
0.000000
0.000001
0.647367
0.000000
0.000004
0.000017
0.000000
0.000000
0.001629
0.000000
0.000000
0.000000
0.000001
0.000000
0.000000
0.000188
0.000000
0.000000
0.006818
0.000000
0.000001
0.000000
0.000000
0.000053
0.000016
0.000000
0.000000
0.000000
0.000000
0.000000
0.000030
0.000000
0.864133
0.017749
0.000001
0.000000
0.000118
0.000001
0.000276
0.000001
0.000004
0.000000
0.058012
0.006438
0.000000
0.575934
0.000002
0.000000
0.000000
0.000001
0.000005
0.000000
0.000000
0.000000
0.000002
0.124992
0.000000
0.000000
0.000000
0.000000
0.009243
0.000000
0.000000
0.000000
0.000010
0.000005
0.000087
0.000000
0.000530
0.000000
0.000000
0.000000
0.000017
0.000000
0.000000
0.000001
0.000006
0.000000
0.000001
0.000000
0.000005
0.000000
0.000003
0.000009
0.000001
0.000000
0.000000
0.543981
0.000003
0.000000
0.000000
0.000000
0.000001
0.000000
0.000010
0.000000
0.000000
0.000000
0.000000
0.000000
0.000000
0.000001
0.000062
0.000000
0.000000
0.000000
0.000000
0.000000
0.000037
0.000000
0.000069
0.000353
0.000000
0.000000
0.000000
0.000000
0.000000
0.000000
0.000762
0.000000
0.000799
0.000000
0.000000
0.000000
0.000001
0.000000
0.000452
0.000000
0.000000
0.000000
0.000000
0.000000
0.000008
0.000000
0.000000
0.000000
0.000005
0.000000
0.000068
0.000000
0.000000
0.181967
0.000000
0.003576
0.000014
0.000000
0.000002
0.000001
0.000000
0.000001
0.000000
0.000000
0.000000
0.000000
0.000008
0.000000
0.000001
0.000000
0.012791
0.000000
0.000000
0.000001
0.002719
0.000010
0.000000
0.000000
0.000000
0.000000
0.000000
0.000001
0.000004
0.000001
0.000000
0.000000
0.000000
0.000001
0.000001
0.000025
0.000000
0.000000
0.000000
0.000000
0.000000
0.000016
0.000001
0.000000
0.604157
0.000009
0.000000
0.000000
0.000000
0.000005
0.000000
0.000001
0.000000
0.000006
0.001295
0.000000
0.000014
0.000000
0.000000
0.000000
0.000001
0.000001
0.000003
0.000000
0.000058
0.000000
0.000105
0.000001
0.000000
0.000000
0.000002
0.000000
0.000000
0.000399
0.000000
0.000000
0.000000
0.000010
0.000000
0.000000
0.000501
0.000000
0.005140
0.000000
0.000000
0.000000
0.000000
0.000000
0.000000
0.985356
0.000000
0.000000
0.000000
0.000000
0.000000
0.000000
0.000000
0.000000
0.000000
0.000114
0.000001
0.000000
0.000000
0.000000
0.000001
0.000000
0.000000
0.000000
0.000000
0.000000
0.000000
0.050682
0.000000
0.000000
0.000000
0.000000
0.010751
0.000000
0.000000
0.000000
0.000000
0.000000
0.000000
0.000000
0.000000
0.000000
0.000176
0.000003
0.000000
0.000000
0.000000
0.000007
0.000003
0.000596
0.192804
0.000000
0.004229
0.000000
0.000000
0.999999
0.000000
0.990367
0.000000
0.000001
0.228074
0.000000
0.000001
0.000000
0.000000
0.000000
0.000001
0.059785
0.000000
0.000000
0.006055
0.000000
0.000012
0.000000
0.003587
0.000147
0.000053
0.000003
0.000000
0.000000
0.000042
0.000000
0.000000
0.000000
0.000000
0.000000
0.001073
0.000000
0.000000
0.000000
0.000001
0.000000
0.000000
0.000001
0.010532
0.000000
0.000000
0.000000
0.000000
0.000000
0.000000
0.000000
0.000015
0.000261
0.000000
0.000027
0.002716
0.000410
0.000000
0.000000
0.127466
0.000000
0.000002
0.000003
0.000002
0.000000
0.000000
0.020184
0.000007
0.000000
0.999278
0.000000
0.002242
0.000010
0.000006
0.000000
0.000000
0.000000
0.000000
0.000068
0.000000
0.000000
0.000000
0.000001
0.000000
0.000002
0.000101
0.000000
0.002102
0.000000
0.000001
0.000004
0.000006
0.000000
0.000000
0.000000
0.000002
0.000008
0.000000
0.000000
0.000000
0.000000
0.000003
0.000237
0.541371
0.000000
0.000016
0.000000
0.000003
0.023357
0.000002
0.000000
0.000054
0.000000
0.000000
0.000002
0.000148
0.000000
0.000000
0.000000
0.000003
0.000000
0.000001
0.000000
0.000097
0.000000
0.000008
0.000003
0.000855
0.000059
0.000000
0.603357
0.000000
0.000000
0.000000
0.000000
0.000000
0.000000
0.000000
0.000000
0.000000
0.000022
0.000010
0.000000
0.000000
0.000000
0.000000
0.000093
0.000000
0.000001
0.000004
0.000004
0.000112
0.000000
0.000000
0.000000
0.224274
0.000000
0.000000
0.000003
0.000000
0.000000
0.000000
0.002375
0.000000
0.000569
0.000000
0.001765
0.000008
0.000000
0.000000
0.000000
0.000009
0.000000
0.407676
0.084110
0.000028
0.000000
0.000000
0.000000
0.000000
0.000009
0.000000
0.000072
0.000001
0.000000
0.000000
0.000000
0.000000
0.000000
0.012589
0.000000
0.000000
0.000000
0.000001
0.000277
0.002587
0.000000
0.000003
0.000079
0.000000
0.000000
0.843636
0.000000
0.000000
0.000002
0.000001
0.026405
0.000000
0.000026
0.000000
0.000000
0.000001
0.788743
0.000000
0.000000
0.000031
0.000053
0.000000
0.000008
0.000000
0.000000
0.000001
0.000177
0.000020
0.000062
0.452771
0.000000
0.000000
0.000000
0.000003
0.000000
0.000000
0.000000
0.000001
0.000001
0.000001
0.000000
0.000000
0.000000
0.000000
0.000000
0.000000
0.000000
0.002859
0.000010
0.000000
0.000005
0.000000
0.000000
0.000000
0.000001
0.000000
0.000000
0.000002
0.000007
0.000000
0.000000
0.000049
0.000000
0.000001
0.887648
0.000000
0.000008
0.000001
0.000002
0.000000
0.000000
0.000000
0.000000
0.000000
0.000001
0.000000
0.000008
0.000012
0.329811
0.125407
0.000000
0.037942
0.000000
0.000000
0.000000
0.000000
0.000133
0.018949
0.000457
0.000000
0.000000
0.000001
0.000020
0.000000
0.000000
0.000001
0.000000
0.000000
0.040363
0.000000
0.000000
0.000384
0.000000
0.922389
0.000024
0.999998
0.000000
0.000000
0.000000
0.000000
0.000016
0.999206
0.000000
0.000000
0.013315
0.000000
0.000056
0.000028
0.000000
0.000002
0.000000
0.000000
0.000000
0.000000
0.000008
0.000000
0.000000
0.393047
0.000000
0.000000
0.000000
0.000007
0.000000
0.000000
0.000000
0.000000
0.000000
0.000000
0.000000
0.000000
0.000001
0.000000
0.000000
0.000001
0.000001
0.000000
0.000001
0.000000
0.000616
0.000000
0.000002
0.000487
0.000000
0.000002
0.000000
0.000000
0.000000
0.000000
0.000000
0.000000
0.000000
0.000004
0.000001
0.000000
0.000000
0.000056
0.000000
0.248378
0.000872
0.000066
0.000001
0.000000
0.000002
0.000000
0.000000
0.000000
0.000000
0.000001
0.000000
0.000000
0.000000
0.000000
0.000000
0.118242
0.000000
0.000000
0.000001
0.000000
0.001202
0.000021
0.000000
0.000000
0.997604
0.000000
0.000000
0.000001
0.000003
0.045630
0.000055
0.000000
0.000000
0.000001
0.000000
0.000000
0.000000
0.000000
0.000414
0.000000
0.000000
0.000005
0.000000
0.000000
0.000000
0.000000
0.000000
0.000000
0.178966
0.000000
0.000000
0.000000
0.000256
0.000000
0.000000
0.000000
0.000000
0.000000
0.000000
0.000000
0.000000
0.000009
0.000000
0.000000
0.000000
0.000000
0.000000
0.000002
0.000000
0.000000
0.000000
0.000000
0.000000
0.000005
0.000000
0.000000
0.000002
0.000000
0.000000
0.000000
0.000000
0.000003
0.000000
0.000000
0.000000
0.000000
0.095151
0.000001
0.000000
0.000001
0.000000
0.911864
0.000009
0.000027
0.000000
0.000000
0.000000
0.000009
0.000097
0.000007
0.000011
0.000000
0.000000
0.000000
0.000018
0.000010
0.000018
0.000000
0.000000
0.943829
0.000000
0.000000
0.000000
0.000015
0.000000
0.000000
0.000000
0.000000
0.000006
0.000000
0.000008
0.000000
0.000000
0.000000
0.000001
0.000000
0.000000
0.000001
0.000000
0.000000
0.000000
0.000200
0.000000
0.000000
0.000000
0.000000
0.000046
0.000000
0.000000
0.000016
0.000000
0.000000
0.000000
0.000000
0.000004
0.747259
0.000000
0.000000
0.000000
0.000000
0.000001
0.000003
0.000000
0.000025
0.000000
0.000000
0.999993
0.000000
0.000000
0.000000
0.000001
0.000228
0.000000
0.000000
0.000000
0.000001
0.000001
0.000002
0.000000
0.000001
0.000001
0.000000
0.000000
0.000001
0.235906
0.000000
0.000120
0.000000
0.000000
0.009758
0.000182
0.000009
0.005793
0.000003
0.000009
0.000000
0.000000
0.000000
0.616703
0.998884
0.000004
0.816747
0.360752
0.095687
0.000001
0.001030
0.000000
0.000003
0.001113
0.000000
0.000000
0.014323
0.000001
0.040342
0.000000
0.000117
0.000036
0.000000
0.000000
0.000000
0.034188
0.000000
0.000000
0.000000
0.000000
0.000000
0.000000
0.000000
0.000054
0.000000
0.000000
0.000000
0.000000
0.630929
0.000000
0.000002
0.000001
0.000002
0.419308
0.000000
0.000000
0.000000
0.000009
0.000001
0.000000
0.000024
0.000000
0.000000
0.000000
0.000000
0.000019
0.000000
0.000000
0.000000
0.000000
0.225565
0.000006
0.000000
0.000118
0.000588
0.000000
0.000000
1.000000
0.999977
1.000000
1.000000
1.000000
1.000000
1.000000
1.000000
1.000000
0.993225
0.999998
1.000000
0.999982
1.000000
1.000000
1.000000
0.999996
0.999940
0.998366
0.999926
1.000000
0.999998
0.999979
1.000000
0.476606
1.000000
0.999938
0.999991
0.216227
1.000000
0.971837
0.993864
0.998774
1.000000
1.000000
1.000000
1.000000
1.000000
1.000000
1.000000
1.000000
1.000000
0.496132
1.000000
1.000000
1.000000
0.931300
0.999999
1.000000
0.949595
1.000000
1.000000
0.999968
1.000000
1.000000
0.999992
0.999944
1.000000
0.999998
1.000000
1.000000
0.999997
0.999999
0.999999
1.000000
0.379998
0.999999
0.997815
1.000000
0.972860
1.000000
1.000000
1.000000
0.956098
1.000000
1.000000
0.958804
0.999997
0.408771
1.000000
0.999985
1.000000
0.999997
0.999542
0.999994
1.000000
1.000000
0.999997
1.000000
0.999938
1.000000
1.000000
1.000000
1.000000
1.000000
0.999993
0.999969
1.000000
1.000000
1.000000
1.000000
0.999657
0.999999
0.999999
1.000000
1.000000
1.000000
1.000000
1.000000
0.998679
0.999996
1.000000
1.000000
0.998582
0.999999
0.999999
1.000000
1.000000
1.000000
0.999418
1.000000
0.999998
1.000000
0.999998
1.000000
1.000000
0.999950
1.000000
0.999995
1.000000
1.000000
1.000000
1.000000
0.999999
1.000000
1.000000
1.000000
0.999994
0.999877
0.999925
1.000000
0.988605
1.000000
0.999999
1.000000
0.787914
1.000000
0.999996
1.000000
1.000000
0.999282
0.689554
0.999998
0.986172
1.000000
0.998337
1.000000
0.999975
1.000000
0.999998
1.000000
1.000000
1.000000
0.999999
1.000000
0.999966
0.997558
0.999973
1.000000
0.999998
1.000000
1.000000
1.000000
0.979373
0.999998
0.999930
0.999819
1.000000
0.999999
1.000000
0.999999
0.999997
0.999979
1.000000
1.000000
1.000000
1.000000
1.000000
0.999980
0.845765
0.870405
1.000000
0.995250
1.000000
0.999996
1.000000
1.000000
0.999982
1.000000
1.000000
0.999998
1.000000
0.999968
1.000000
1.000000
1.000000
0.999979
0.999992
1.000000
0.999993
0.546274
0.999999
0.999936
1.000000
0.999984
1.000000
0.999348
1.000000
0.999995
0.999140
1.000000
0.999982
1.000000
1.000000
1.000000
0.999999
1.000000
1.000000
1.000000
0.999985
1.000000
1.000000
0.999999
1.000000
1.000000
0.999832
1.000000
1.000000
1.000000
0.539102
0.722687
0.999999
0.999983
0.999999
1.000000
1.000000
0.999999
1.000000
0.999994
0.999995
1.000000
0.999998
1.000000
0.999998
0.999818
0.999999
0.999998
0.999851
1.000000
1.000000
1.000000
0.999997
1.000000
1.000000
1.000000
0.999939
0.999970
0.993196
0.999636
0.999996
0.999646
1.000000
1.000000
1.000000
1.000000
1.000000
0.999996
1.000000
0.999997
1.000000
0.999999
1.000000
0.999988
0.000022
0.999999
0.999998
1.000000
0.997292
0.887959
1.000000
1.000000
1.000000
0.999979
0.999998
0.999752
1.000000
0.999995
0.990741
0.987007
0.999988
0.999999
0.999922
0.999998
1.000000
0.999084
1.000000
0.999968
0.999999
0.999999
0.999794
0.999979
1.000000
1.000000
1.000000
0.999991
0.999958
1.000000
0.999998
0.942434
0.999998
0.999998
0.999931
0.999325
0.999813
0.999992
1.000000
1.000000
0.999996
0.999998
1.000000
1.000000
1.000000
1.000000
0.999123
1.000000
0.999999
1.000000
0.999992
1.000000
1.000000
0.999988
0.999958
0.826706
0.999995
1.000000
0.999989
0.994516
1.000000
1.000000
0.998403
0.998079
1.000000
0.999705
0.999998
1.000000
0.658017
1.000000
1.000000
0.999996
1.000000
0.999999
0.995816
1.000000
0.999998
0.993989
1.000000
1.000000
1.000000
0.999142
0.515747
0.706566
1.000000
1.000000
1.000000
0.978949
1.000000
0.999371
1.000000
0.999806
0.999995
1.000000
1.000000
0.971168
1.000000
1.000000
1.000000
0.999948
0.999970
0.999961
1.000000
1.000000
1.000000
1.000000
1.000000
0.999999
1.000000
1.000000
0.999983
0.999999
1.000000
1.000000
1.000000
1.000000
0.999995
1.000000
1.000000
1.000000
1.000000
1.000000
0.999906
1.000000
1.000000
0.999999
0.999999
1.000000
1.000000
0.999998
1.000000
0.999998
0.999992
0.999999
0.999996
0.999993
0.999987
0.999997
1.000000
1.000000
1.000000
0.999922
0.999992
0.000100
0.999998
0.999997
1.000000
1.000000
0.999283
0.994862
1.000000
0.996471
0.999379
1.000000
1.000000
1.000000
1.000000
1.000000
1.000000
0.100784
1.000000
1.000000
1.000000
1.000000
1.000000
0.999997
1.000000
0.996426
0.999849
0.999996
0.999999
0.999999
0.999990
1.000000
1.000000
1.000000
1.000000
0.999989
0.999999
0.279796
0.999974
1.000000
1.000000
1.000000
1.000000
0.986350
0.993040
0.814406
1.000000
1.000000
0.999999
0.999983
0.996293
0.999944
1.000000
0.999992
0.999457
0.999885
0.999964
0.999943
0.999991
0.999999
1.000000
0.999999
0.999875
0.012948
0.999353
1.000000
0.999833
1.000000
0.999993
0.999999
0.999997
0.991436
0.238428
0.988595
0.999994
0.995857
0.717351
0.915348
0.001000
0.999984
0.976812
0.376720
0.002073
1.000000
0.093825
0.000910
0.352213
0.999992
0.999998
1.000000
0.999884
1.000000
0.999532
0.999484
1.000000
0.999928
0.019356
1.000000
1.000000
0.999998
0.010919
0.999965
0.999999
0.886432
0.999994
0.999224
0.939115
0.999991
1.000000
1.000000
0.983779
0.999997
0.999706
0.999992
0.998004
0.999986
0.999982
0.958760
0.999988
0.999533
0.999992
0.602720
0.999976
0.759281
1.000000
1.000000
0.999999
0.488665
1.000000
1.000000
0.126957
0.999465
0.000030
0.999998
0.504550
0.999998
0.999974
0.999983
0.999824
1.000000
0.999997
0.999970
0.999992
0.999990
1.000000
1.000000
0.999997
0.999999
0.999998
0.677300
0.498000
0.999999
0.999999
0.999998
1.000000
0.890200
0.999999
0.999920
0.999998
0.999998
0.999996
1.000000
0.999986
0.583749
0.999825
0.999985
1.000000
0.865442
0.989733
0.999958
1.000000
0.999993
0.521640
0.946154
0.996336
0.999979
0.999990
0.999663
0.999999
0.999999
0.531737
1.000000
0.999998
1.000000
1.000000
0.999998
0.923753
0.999673
1.000000
1.000000
1.000000
0.999931
0.130445
0.527289
0.302449
0.012523
0.999826
0.999910
0.999988
0.251841
1.000000
0.998860
0.999863
0.999998
0.898248
0.000011
0.999797
0.993916
0.999999
0.999740
0.999952
0.718597
0.999999
0.999419
0.999993
0.859039
0.999999
0.999922
0.998749
0.987733
0.619828
0.796256
0.999999
0.999908
0.999999
1.000000
1.000000
0.180161
0.999898
0.717682
0.998638
0.805778
1.000000
0.999996
0.999998
0.999982
0.996417
0.996279
1.000000
1.000000
1.000000
0.999995
0.822356
0.924506
0.025011
0.999963
0.122879
0.999999
0.998227
0.991033
1.000000
0.999988
1.000000
0.999995
0.999993
0.999998
0.999619
0.999953
1.000000
1.000000
0.988396
0.963895
0.999999
0.971953
0.980716
0.999999
0.999843
0.996537
0.999999
1.000000
0.449021
1.000000
0.999920
0.997400
0.999998
0.997342
1.000000
0.999986
1.000000
0.999998
1.000000
0.994612
0.999999
0.613571
0.620937
0.998174
1.000000
1.000000
1.000000
0.534509
0.999999
0.999999
1.000000
0.016726
0.000347
0.999849
0.984048
0.994509
1.000000
0.999999
0.999966
0.999999
0.999995
0.519410
0.999994
0.996712
1.000000
0.995903
0.997067
0.999919
0.999947
0.999989
0.529601
0.999907
1.000000
0.975230
0.999930
1.000000
0.999702
0.999993
0.481693
0.096812
0.204123
0.929435
0.571251
0.999999
0.798162
0.999998
1.000000
0.999995
0.917019
0.999992
0.996652
1.000000
0.999906
1.000000
0.705142
0.000001
0.976082
0.999789
0.982630
0.909144
0.036247
0.999748
1.000000
0.999999
0.999690
0.999632
0.725700
1.000000
0.982719
0.997553
0.992181
0.951077
0.999993
0.568879
0.999884
0.997347
0.999991
1.000000
0.993420
0.999575
0.998938
0.797089
0.996111
0.999999
1.000000
0.999884
0.998921
0.883355
0.999932
0.490652
0.068636
0.999998
0.999424
0.999780
0.493938
0.999955
0.058305
1.000000
0.999998
0.999908
0.996791
0.999939
1.000000
1.000000
0.997284
0.994025
0.999521
0.999759
1.000000
0.999048
1.000000
0.999725
0.535115
0.958057
0.912227
0.999989
0.999999
0.999995
0.057371
0.999984
0.999999
0.317586
0.602915
0.999997
0.847389
0.999601
0.999997
0.000926
0.999987
0.999999
0.999998
0.999992
1.000000
0.001502
0.965920
0.999967
0.044830
0.999981
1.000000
0.999997
0.537781
0.008803
0.066062
0.993157
1.000000
1.000000
0.028866
1.000000
0.170382
0.993094
0.339987
0.897632
0.999701
1.000000
0.700235
1.000000
0.999994
0.999994
0.998198
0.999623
0.999993
0.999998
1.000000
0.999999
0.999678
0.999992
0.995811
0.999997
1.000000
0.987979
0.999999
0.999985
0.939834
0.999999
0.999996
0.999982
0.999994
0.999999
0.999902
0.999667
0.999999
0.998335
0.999975
0.997646
0.714162
1.000000
0.999969
0.999996
0.999978
1.000000
0.999981
0.948820
0.999992
0.999773
0.707575
0.423487
0.999420
0.999967
1.000000
0.999998
0.703334
0.992997
0.000007
0.999995
0.999998
0.999998
0.999997
0.559571
0.394365
1.000000
0.001178
0.515148
0.937389
1.000000
0.999979
0.999901
0.999994
0.999994
0.000104
0.999996
1.000000
1.000000
0.999066
1.000000
0.991907
0.999999
0.999771
0.996926
0.996603
0.990572
0.999807
0.999668
0.976882
1.000000
0.999489
0.999929
0.999867
1.000000
0.000335
0.966326
0.980915
0.999911
1.000000
0.999998
0.529078
0.112513
0.308416
0.999999
0.999989
0.999997
0.214514
0.960371
0.215887
0.999168
0.999996
