16.354485445294685	17.78568376427813	67.23370865096948	99.57216717779347
10.02319666348697	24.688540342035612	50.90406642989694	103.23179847841467
12.550866900682408	13.757823594800112	51.00961935670314	91.30096002953935
22.814413385464903	20.367719735678662	58.24632784590661	75.50664397100812
12.395336540379402	23.762881049581047	53.01363882746871	96.74399150743096
12.975665019817269	27.897317280807467	33.08901574571699	84.28926633640008
10.79114638153982	21.7887529537596	48.30870392085081	84.47719391365884
13.687129324255732	26.959671682012655	58.54169562780943	86.92110403397028
17.884680217275044	38.89043635208974	57.264771107386515	99.21518046709126
7.672414153483603	17.180095442266538	52.57081997495841	102.90920594479829
10.188568026135464	19.556091649719217	57.62472641424868	80.2216857749469
13.305032473074727	25.97707549040751	52.55298571842557	110.57610017371162
11.864102972518362	8.309681549250127	59.42105126158502	80.44626238499639
16.815586984505934	22.193116479003184	55.3540350914819	73.62453613957351
10.606235487206552	26.36763654060387	39.00452706262137	82.37396005347169
14.006484053151908	18.964350903135003	46.16352052590977	93.6565010615711
9.924076725070204	22.404421622091366	29.67554838694117	78.34673808145143
17.09076758306685	27.442000011680204	48.44061221216118	74.26130744469557
13.99821263276853	24.915784453786213	52.78696984152816	75.2316724881857
11.789965015420002	23.736492517387696	59.96367541757509	104.26090469450341
18.944699215097597	24.231500662524045	59.660700858376494	106.85624879366915
14.664656422685802	24.286322676669343	51.0129633603929	86.366279951471
13.65631466130135	24.244461117898243	56.88980534433521	97.30772419371146
19.285508280612966	19.46755030617585	68.34091383082054	70.15222222222219
16.771668215004233	21.195232801004472	50.126052642689636	94.29703202406222
9.897459298385852	30.442185720294276	54.10499187898027	84.41415870488319
12.097927511990173	13.785273426240297	64.57285846060617	87.58186229905974
11.151765306709306	28.14877056849619	63.79708587433127	94.80935105695559
11.996650492779287	25.23430690074535	36.0538084582257	92.05952840506977
12.200894419402193	26.83897411594027	26.45943131098815	112.73921522371624
12.742974935799124	24.92810240244059	41.84816764987015	78.95125176928518
17.436651279953587	21.713620475100498	64.0318183857507	76.70056007028333
16.986810581072003	16.13981645195722	55.82765880115163	90.23703184713375
18.926824583745077	9.733788494517853	59.28029678559015	98.10675062729202
17.849765750231747	27.478480518320374	69.17538411773133	67.78981516173349
14.243878545384568	25.39302694730445	54.35223902033484	71.01481953290869
14.976231679919962	17.15027322484937	55.09087639499992	84.87675891353682
5.155899037543926	13.87522085174781	49.30538279203428	83.94459778249583
15.301648780696222	26.41216619863603	61.883639509703855	97.9612526539277
14.309840494616036	23.179441834307042	70.99886106065438	77.28609341825901
8.960012790925763	29.97632161213994	49.215665176758264	71.3511677282378
17.18395811081075	23.228484377206787	55.40595443597537	92.94543878273173
18.067648160535146	30.61701711514533	56.886338613000135	81.62837427964814
9.663456663733587	25.90311002837772	36.99790025052289	80.79111954924055
17.467394113787215	10.871616366489542	62.39535374070334	96.48436224073163
12.415984968033664	20.50302832139016	50.93180432656433	90.50404129145615
14.263255471256553	20.18426658894656	41.028770548407074	93.46333647872922
18.11949297071567	25.132107457988834	54.624239364429776	75.50310607847761
10.493865436016884	24.11610593560917	53.997544549035354	92.42158255756976
13.519512609888135	21.066266681267756	36.99022719538489	65.37344241891788
14.595316974003383	25.43843088015888	63.222644171680244	92.51749570316449
11.320566211756352	21.568264586591013	52.63209218790746	97.05576281468
10.323141339468405	23.714447094310255	43.97700536670531	72.12970882620561
7.206667874753609	25.598223401860714	55.688116429319564	88.40272097441051
15.581743879470702	24.87002600982609	60.835238999964076	77.10374302115278
13.42389177288801	17.64614523253726	60.46926303825038	92.10101541585894
11.588550704447774	13.375740219708693	60.89993937965759	113.66391907081302
13.255638463860988	33.73188451224461	56.777940647858046	89.61391581279422
16.588925908200533	16.87612202934684	43.60661550871775	95.6404306945708
11.373105025160289	12.26525105448107	52.048239372751766	102.89398443029015
9.085707641661049	16.74155620945692	48.31037582218427	90.07411181882517
6.730705725297523	24.018114262281124	52.1632704082387	99.5543238608525
12.246690787277831	26.527953299913815	49.164171383431984	97.75334394904455
17.249533021270235	15.221215235166389	61.26516955653416	74.47601986654531
9.22725424532438	24.637431822221085	62.31682499860874	91.68401155933002
14.44451393156237	22.29131288014841	56.26820687890415	105.18682426914911
15.11739889271414	18.847425492735752	53.284229343196465	78.02953821656051
17.07173736560536	8.804792979044459	54.14773802612215	105.97938586144528
11.638636576978103	19.097385617388834	40.52217181494646	77.50632451412704
12.12683514154405	22.00918982396703	49.371762468327134	99.2021125265393
16.615858931223514	13.479381025474787	67.80479966770164	101.14964614295822
12.375360479129581	26.645143167203738	52.817529849084984	70.8922947629158
15.759788931962206	25.39516242494951	49.046587176880344	71.61429904136907
14.256814694251926	20.975663783451395	55.451628357095274	119.29804670912958
9.963052295203257	24.4463087078908	29.649912556832966	82.05215498938426
10.13232664200693	31.469398476821006	42.71143084584743	100.02778421154217
8.249238888511615	19.88302092885653	45.737616842209285	79.14511234961074
14.795496890477738	25.01623708484727	49.137447516468754	98.89558511302607
21.398567182640008	22.021138226628622	53.56843791213394	99.3596367067704
10.779410044086156	19.78173724408189	55.52910773422568	108.81885468270816
9.658866003150084	23.705181810635665	50.747336259972684	82.72607673642702
18.443401011171055	16.627858051607436	70.34988753290621	102.46523354564756
13.554704029708677	23.955148860233763	59.176803817573656	104.84786836518042
17.099781365338533	26.71758023652458	54.2849456839012	93.26341560509549
16.786593408777204	11.820557505395836	59.05647548246738	91.136916135881
13.203200423810866	13.709884379797586	64.67112112092994	107.90315817409771
14.609812321492841	22.6033188143528	65.07957203671819	78.279603358425
15.25844235913264	15.14805005512294	63.812761943783926	90.16689077612641
16.091250378085512	12.097819701211325	54.32913341833006	68.07217050465457
7.686457570677899	14.942823221061891	53.83043400205439	106.92030254777072
16.26528933148502	25.772196190215215	61.68909525434292	108.21053263177328
13.706767026600595	18.386359854578966	60.71930615246273	92.08742446513146
12.972314800624396	10.99291933641433	60.060336857622346	100.91732037099112
17.111681065747373	12.933948919912405	60.85476752736933	82.68932590233544
11.427404342737038	27.48976251701743	68.24197782089684	94.30363588110397
19.497072725254874	16.606285734331106	54.7639403196902	100.91673460721867
14.71992405793053	11.158772132301502	67.77218235084369	94.42472076063875
14.391878968614234	13.301969829862019	68.56584122153632	114.52746815286628
13.690983214252874	22.37715446062859	52.586990338851365	91.33052016985135
13.91051621115664	14.682519000081198	49.56041964754871	80.32535828025479
12.434837485618228	22.21815391654868	61.18375320161848	103.15460629557833
12.117464510747114	29.54299667763351	46.15132975413296	109.68283439490446
12.345548214121466	14.615235790764158	46.3499226222093	93.89159123924456
13.281575478041882	18.662814790023965	36.6020632322188	82.3322850318471
12.385921227168678	21.936067825361647	54.01851465125875	96.27779386218877
16.362044952998247	23.850780216600626	57.33155118744683	92.40285107673634
7.980770748124787	10.020293298705337	66.19406476477386	94.72922416843593
8.027971481547286	12.932604415130218	31.92030236009782	101.36732810713697
9.194346693899073	14.72550880469603	54.06792190795952	94.22219781828831
15.588291889539104	28.612456930405745	54.867017350111475	87.23021585279544
19.11820653131444	20.157745398458704	51.873651661468	101.64098726114653
17.191940870628958	24.79265157261149	67.59661369661164	98.65389403590038
8.62639794489735	16.514005753861877	65.48937286707137	102.19299363057323
8.82644869540076	13.293237186713684	61.21055063270582	87.68702355676878
8.429926342193689	22.972176986344618	42.735226713614864	90.3335456475584
15.57128656869506	20.991026676211828	53.741886901048325	105.13975780451361
6.014118643473642	26.083420748303467	50.76327368769294	101.50405073192533
14.524447354122433	28.538572430081143	41.071425332902905	88.34928049068174
15.769640574080016	29.527050630825308	57.91588662671573	81.00492938244254
9.869772505279537	16.99479271296538	63.14179344489988	97.85568252778816
12.899932957612432	18.72687510823635	40.97534311598173	79.2875265392781
12.875128073706287	10.409947337822505	66.35642777608903	93.20628450106156
10.751948655585956	16.7185984736217	58.20617386903514	89.45078336627863
11.083781250537285	28.65042834117492	45.8506020451175	88.94257749469213
9.686278818128242	18.144935402287445	40.830489406293296	94.07479606659959
12.400298493806131	20.031154423590873	44.05822716798887	95.48040737791919
9.00751209111429	21.692158368862938	42.72318481633742	95.79254592448994
7.487950334606895	17.499251822108185	43.84894774727212	76.57841263894088
10.697475247727436	14.885515799529383	44.93749971967891	92.23810661207166
11.399419815695545	26.01560006925203	59.10824201537112	101.55161685448307
11.23476104181597	26.123481028911385	33.135154645473	76.22397876857745
16.652236372957038	16.88960614885445	57.598868838998385	81.41419576835786
9.267605591289241	23.25283783175005	34.99068682478831	107.86168136534377
15.032283119722422	23.834068087422967	47.779246040787044	86.62111740190292
19.441909011706485	21.62320409127323	48.563225818265224	78.33337193591964
19.52525747764789	22.555503717515787	60.22261484100151	69.8325465217934
13.210470162900116	25.300607474355644	53.762953765934164	90.19599256900204
16.297723732340767	13.450246895395953	53.51168081143307	120.7957537154989
14.76952554504887	25.025568468845304	56.01455291883423	75.23070152158525
13.772114503768288	19.66458892880878	48.38630312776235	102.7279961929863
12.383383545660445	24.870175185073496	42.12699663655876	84.47642946042902
14.167506719247632	20.305999129912067	45.62013873465764	76.43782226266299
16.547885684166967	20.159266219907536	58.67050843119223	84.11296689470785
6.903032278834582	23.988329973260438	54.506304188264835	100.2566923213021
10.582405113895211	18.468330571670606	52.891402442234025	113.77725265392777
15.162777497260068	19.080811961100498	58.72145559288374	83.22446921443728
18.958419102780116	8.862207163396228	58.093573047020264	74.39359396734756
16.972644253404336	19.178594353690464	58.417197393776256	92.69839348903038
13.7044480862333	23.155398506995624	51.55937913120938	99.81086494969072
12.158531397834745	15.795014905580926	62.18794750616767	82.06206020624806
14.298515454992923	15.52042596687178	69.20144200529424	82.22965643698123
11.246703580132623	17.30503803097767	40.18826219208719	95.49229033970275
20.03194273037533	13.31410612060802	63.63940802612215	102.72969986489093
13.835045628714798	18.00940680350869	54.399942499580085	75.70260364286509
18.304720779071623	26.94095818714015	53.265700078770486	68.15392781316346
9.88405484738375	22.339795831325635	54.64363023833265	80.36439245467906
10.748476170814943	24.994417689311057	59.52037742796841	106.22489153512416
8.4412542898414	37.96313886476394	40.62598953258783	79.57900448218918
14.778789888062644	23.436520099012387	50.49905172686091	91.96824517677462
17.83899379546343	23.784947277958928	59.72538348100536	90.41931301182892
19.53347050854625	13.458236318490568	71.5932316287277	90.87593027153866
12.89884538860922	22.7667573301736	60.174217093188034	88.26542690324536
8.247755225495663	22.97165704731496	28.67150714551382	101.45647558386406
10.622583587817005	26.279658061582204	54.4758371072572	94.81800278204841
12.243385130232431	21.470824328287883	59.92460108241232	95.11100102225365
19.57581445379987	20.597124433089625	56.79838234351977	97.89520966029713
13.794529706580933	17.485341034207305	37.34401283750934	92.3558704883227
13.916676099252212	10.947506372411691	62.145884779407865	97.396300832925
8.773892684794705	27.46017271230574	55.33217116679539	84.07490268931349
11.93773894012483	10.859179110301215	52.376574505614556	102.74774762300376
12.08883733318605	23.881812851574796	48.15085754384333	108.31644845482424
12.95004090306019	16.73571756646773	58.4699228455064	101.7986682107701
12.03338515157811	20.27774815701926	56.98769189699033	95.34764524223121
11.780277536637364	22.762997693570316	39.790432467848575	79.10228468568263
16.522325795686314	35.76560764759958	48.870489056888104	86.35832696390658
15.812958785580816	23.342488203485537	50.74384349116883	96.12484076433115
16.763055335621797	11.431793927905655	66.8460842611291	92.54018636470872
15.27506680872332	16.202587679603923	53.19994985200477	96.57491922828395
9.461691978187206	26.713160278034984	60.56000420970688	71.15897785865936
12.680026589170337	24.14399015187054	41.31707162281105	101.9032471587361
14.630463699939991	30.102155240498853	58.08924167761878	83.13760459597849
9.291748762018399	14.723627362297867	55.05021089269944	66.40995349307451
11.947296636249302	21.57121110349525	57.18222826341069	62.9869590070227
10.847784217140044	35.02215258639268	40.014328180153676	83.86682107701218
9.71131876214914	21.029924956958784	47.958050894238845	92.25682944090585
12.685357299769258	22.06424542464687	40.74512978430691	106.75571999500433
13.17606941892124	27.806988179131892	51.52715034859439	72.11770516015876
16.072631945564	3.948354270467811	56.362518096467376	114.2599332726721
11.898976585588235	21.13232828139663	53.69587231456196	88.26035031847132
13.823738800531105	19.069023167217956	55.65006412645736	80.6524785378011
18.434014911211797	25.613853047545625	60.733514075679395	78.98761358811039
21.764437421819974	29.19356029670472	52.31670390125248	98.00281316348193
18.743490317589448	28.2332495539659	44.24269550844616	67.88182883080748
15.419963100171076	21.989990672195653	55.22572319816872	95.29742810268286
15.263222123470271	22.56379470666281	34.479562209302436	112.57950351135064
14.901705656597693	14.421234912066145	62.522757949150346	77.77392859951246
15.364169897978927	15.751356114870795	61.042257251626495	100.97564848149166
16.503436145600695	27.27827525829598	54.95215629394526	90.43612237019877
17.841613486384023	22.47992838029068	61.81661937492394	83.04441837076766
9.462145357027481	29.135197595387403	54.5145917767167	92.00571999500437
10.552495492437853	14.76771864628923	48.33577517326063	101.44682753552179
14.511682072742575	9.416257072012717	55.653630239467375	100.38000707714082
16.849076956185545	23.856135050733965	64.12386919596347	98.99432290224313
15.220426164022642	16.503766222215415	64.11549043619068	88.65445398319946
10.089556785812759	17.00808398057658	55.18829925059104	109.92205944798305
12.748368079080741	20.435190829479872	54.341780469726146	83.76319100416762
12.872281401341748	21.293374123465327	46.165446663361	94.23363158426851
9.598919267004643	25.45731143220112	44.148319102294764	95.02585368011317
13.422342963067877	33.89833859829078	51.10667135595248	84.27248319179049
17.74611559713381	24.43693597103627	52.68064189261404	73.32081602510843
12.568617597912892	16.669373517979572	53.536376983114295	91.20586657727117
10.381494584505933	20.297854102466854	55.0587103009124	101.15603579011218
12.678843116629187	17.99157291198731	44.01480411347051	104.26140496630663
20.576259948394732	21.197765632225785	58.62558731218778	93.69997346072185
12.801400195855132	31.866650252001886	40.55094083666241	93.30248776885442
17.762818064362648	20.520042797268832	66.06291746291285	82.4227948272534
15.811297607835558	6.8531515660020546	63.306338963515735	103.88274667560624
13.954716716217893	29.07448375045353	52.79677703523335	91.3124800955413
13.36420965571298	27.639067639775767	57.35094792004217	94.57573867657459
14.660983790864808	6.825118778818519	51.348039023086	101.348283024093
12.330395606312123	16.80767911227832	54.48487950439035	98.26147002325347
13.080525995845399	15.295752222020237	52.17015570576412	81.62613772731463
7.483196941599066	8.95973243160656	43.81119056924683	119.33041401273893
14.53613129813209	20.78496449808897	64.43291328950254	78.17533439490445
13.583191349677012	14.391005991928333	52.87558044359554	111.69911696583668
11.593072149413464	24.70794525765518	48.62370688896001	97.36846602972399
12.683312233296114	26.70685439894819	48.277949700159255	83.09226751592355
13.696816912020214	15.305817305781348	65.80585404953393	101.51352055587725
12.258867138407707	9.245277679708163	66.620605045578	81.73049742189866
19.33613866316128	13.841175703779303	67.46229086149026	87.78290021231422
17.37902351061345	19.748051155596652	62.75707036766386	105.43712465878066
16.904338951100005	23.61847199779433	55.689420069321294	106.65190658174097
15.526604703956224	6.9469996078621925	62.325876821367444	93.32614561217264
5.339621791906995	25.12832327976645	57.73530752120596	103.65158174097662
17.736078776093382	18.03759696595731	66.58494741712123	66.25184493740392
16.366030567004742	21.41584627225296	58.561387851421635	83.76766139812847
10.174428943875592	23.516146856015062	53.54066371853556	107.00329087048829
14.083382711047632	29.03689331656929	51.55081280950162	82.08365843949039
8.579029153697348	18.046142768579948	58.72634711239046	78.7064118895966
20.729575963435035	30.72380748856389	52.47814915397411	100.17860344420848
19.32725145129074	18.682557795513496	62.38032987611704	92.13614012738849
10.14457501097365	29.021084846193716	59.279928975076544	73.29524062278838
11.937498635505579	24.240689112083658	50.405330254192634	110.70250307296901
10.138425426746805	26.40087574502249	62.93649633736318	109.52615789887545
13.538140592399316	29.699657005296928	58.15807996300482	98.98543878273173
13.225614320628688	31.828533631884348	52.26227052634914	101.04881030822165
14.781264300950845	17.00650894966671	59.17703595715388	114.32295228517145
10.206787443776355	30.294357663134807	55.67452121908483	101.87554526153248
11.99059377648766	15.299177793287479	54.117980053621935	94.81036647281454
13.684229170210195	20.467120760241073	63.852519834318514	111.82107449459984
14.959524886266278	30.612493794721086	48.21777233029051	108.11588031768494
13.380833788216526	18.64297451671699	44.99946523938502	78.17766209374489
17.00198352899739	17.615834680134036	63.9829932719834	99.14994692144373
11.598336008583349	16.021202686814288	44.65005153569829	78.09866949752299
13.272997030415114	22.49006949323103	55.358367811673986	81.91374144845477
13.700698396366837	11.946037871005958	38.18074436022605	93.26114207360226
14.887341144101903	23.432770586703562	62.98396296675878	99.70600067046595
15.390917982371144	15.50086127048752	57.98737557937112	83.29202374059062
13.653501430916808	12.573268888156113	37.965011943767784	97.2425791123243
11.680666840144594	25.551873625656466	55.22824828150755	81.41809122662832
10.23145714923834	18.604112885214583	50.312388358966764	93.42687159604907
18.60773771460745	35.89867736223172	49.8501488452093	68.14003450106152
15.749584207001552	17.285822930261592	47.066922350153874	83.07234093555235
15.297942050290752	21.42444203341112	41.3215232310199	89.32551445369916
11.143953314791501	16.309111408096268	56.43359617274147	83.01912275622463
14.432882306950054	14.612602940659155	40.64705048915509	83.136319430176
10.21344597884611	16.05916667691792	55.147916778822754	86.30745458834626
15.01787846390917	29.60930484357512	61.57917369860782	102.40870970855045
11.821407025805025	26.03634125681932	44.17373121312493	105.78453034629179
7.708845490850027	17.37951784935799	46.57822642891288	103.07187244814631
13.625066769744805	21.20443112358619	67.42990573611053	100.7483497394325
8.890457949118764	25.168244228053627	58.40638371386641	107.51476701307408
10.267253900488688	22.80235020764725	57.29706073492572	81.62388535031847
10.684340345927751	22.67877884535442	60.96056818358255	84.89170647558385
13.927233255509728	21.13662290745535	36.87335227606468	76.15261238807346
14.679920765736917	19.820470906507953	58.866237721061225	88.34833379488597
15.332628029138172	30.22609709436556	56.25389196343774	85.49646912212683
15.273857855387064	17.88839291490474	58.22676543180809	108.4673036093418
12.924848540625517	26.20800795379797	55.59740702472527	87.06450308361133
15.934861016111176	24.268606067311165	55.99203505337632	64.7205124493341
18.989537783613496	18.592545463650733	62.62682280901629	95.03888888888886
14.210760594200307	21.279930035057816	53.898877848870725	79.52579996966935
13.163548351839808	28.40834222717724	46.39068673222502	88.84074663835803
12.732482425211213	8.19517636425275	31.895174777433585	84.70835102618541
7.835076986269582	18.355631919212016	32.17401000589144	70.07119517373512
15.029554240955573	17.304122682050664	56.46526161910739	66.73514737105032
18.2747762412269	12.26616646705306	54.8263317719389	91.02540847410685
15.236662245739051	18.682501857293012	48.03711942740959	79.50481953290867
16.506343984033677	18.056806321612424	60.041863182589225	100.64862438075014
14.073591954370274	23.2868285675956	40.478552800115075	81.09183297947627
14.441996895898644	19.95744113475044	36.16650376222188	84.26836926343296
17.697341810203095	17.422257605702477	67.13034796161892	96.7166969972702
10.984096822858005	17.507472915773	54.69960680911167	97.0169426751592
15.062687797470339	24.501272153445758	60.260974396542295	87.29455565665755
18.080816990163143	15.54971547627344	65.70249683763443	90.48453644727529
23.06888873662022	14.884375116652194	69.2994551378034	88.03467799009198
14.73223613643588	12.517061049902885	58.383685907019945	72.44256568471332
14.027922849429185	10.333478547705887	55.24360381979129	95.76519563239306
9.428743297478986	19.464059189740905	48.491361833503774	103.75410363588105
8.805459396034944	20.71084854632064	43.465926567042814	113.29892593980261
9.849877002264394	26.082020065773794	42.932096560976426	105.24948100967211
16.580017434670676	31.057966675131343	52.99899386424903	117.6614418905197
17.179255100183557	28.499610893588258	51.868899654625274	89.20758840325058
20.568224916243675	11.486393893363434	65.73182048393578	56.9547368035727
8.996260067815959	23.788234868417202	54.71238678393286	100.55497611464963
11.230869708240967	23.32118350383768	50.921938416658236	93.46392174704276
9.875417752748447	21.943816602367967	54.95390262655608	88.56075082030497
14.579033184955371	27.129903108686257	52.899092239548246	83.53646727591618
16.530122054280405	10.91822818133577	59.38400496619056	104.12091719745217
10.352613243475309	21.203262577375472	56.93720906992748	105.40935858755168
10.560666242957996	29.725207015847886	63.82003358017066	89.81539278131632
18.832506886683777	28.002534293153133	58.76896923946248	79.24876592356685
13.920328353442908	35.32232656438404	45.64290868640342	88.43881689728383
12.936964004594744	22.928382379128955	59.11342443918714	102.19701795020262
18.276517330737256	19.238038522969212	60.89684802994914	75.64718134563289
12.889443298222282	22.953838953965207	59.60731191031128	99.39308209483366
17.321917969465233	17.99978178365636	59.302204121299454	82.70204057560743
16.140674173345914	16.518401370072205	69.68682436821112	89.06919084689778
13.38901267809975	19.140264355615212	68.84588391117823	82.42037251495849
14.381666814056969	36.2262544121792	56.407411811631015	81.90020769869844
16.758847899797164	20.694157655919472	55.53546597597541	94.24361015841903
14.504919652073893	28.326044879990977	47.433640371709615	81.75636549500666
13.534862502677617	11.240568918583811	69.95571840436762	91.79832676170255
14.52228321792663	23.595418817303962	54.04223371384511	90.03022246838366
17.012227811539343	13.715228261114866	61.17021766231949	101.90618365180462
16.401527720603568	23.318221832100956	60.40481409776184	91.32335456475582
11.248065766375225	19.53694468887626	46.239998368628264	77.58861288039631
10.510642220130112	27.892725922340095	55.655263059657	106.54378317409757
9.263020089120383	23.357752833292146	26.009363657363117	95.2958333333334
20.26103844258699	22.627841086142265	64.03315607729914	91.25087453240317
13.118021470408824	17.530584104529346	59.23122361686244	97.09421926269059
12.08399062045731	21.702540284786288	47.364849701101264	87.33467925386712
16.050352999277393	25.176084001081165	71.13191774828033	95.14380596326038
11.772500579804335	25.853021203550004	50.05528631265604	88.91155182397218
13.50749662132211	25.065287859492976	47.36192653705298	88.02471101674922
11.950672060588419	18.535590618902155	53.389018011005476	102.10609961075721
18.392467940651564	16.834471170971295	53.66265539390516	106.71588818117479
16.078235086214985	18.12160125568952	49.849974991578485	96.2067993630573
12.64018645746278	18.145373146032718	48.90072856049395	103.15968152866242
15.975409103984454	14.260349587662366	62.94197912815076	87.29268695447037
11.45038303965075	20.02669194406178	48.37946626407059	99.07346072186836
13.104124316290283	26.55412458497076	57.50741974843404	90.53172131792087
12.337428220826983	28.557970719876725	49.89146233500524	97.59507061755747
11.76635106986652	25.6293191805777	48.72684102742118	85.14006900212313
9.179764433122301	22.39824693871982	51.192427414795084	101.30731235169227
13.930168438111743	9.556597550230896	60.957931646372046	97.7496190833021
8.040282335076986	30.701634498784557	57.984989208926415	106.8074585200912
9.549139976426769	29.888409038415507	34.3128951702492	96.79271376182201
12.3241580664966	23.438062751428415	53.51052115137552	114.63602472836267
9.298833306300295	21.53812655904825	62.355672186358525	92.63199944613677
12.226333264509156	27.189876522812334	59.59539529390425	76.86626857749465
7.667405004202148	24.25581289884705	23.899322952895492	84.66355580171692
12.376009894898496	17.278086878263117	53.03441027580868	100.32415074309978
18.244189200445426	19.076889710918476	59.7556630509607	73.04138566254525
11.961592916161502	21.28978545571636	43.32716548703594	90.01727707006359
14.4520373893462	18.76128118352716	68.6363529080937	83.35533283377043
15.007619954070995	18.133347619471	62.53883925982473	77.15385840274374
20.717093578927056	21.294427924026742	53.98845118925864	85.90290162774235
14.969705252401464	23.95060420583444	57.04208569707735	85.55667273278733
13.093089029801309	19.85450568501353	54.95995366652376	90.20492144373672
14.313235294728347	19.59439309370297	56.859430093407866	92.81453078556261
10.721999871254216	21.618535991097552	59.19485612697811	99.86594884238191
7.121149439907893	13.330838715499087	58.48412139914187	100.84039760663961
13.345601304093524	17.972533219549245	62.11495457903125	85.93006141947225
7.758608258767347	22.690658233368556	35.772528914414906	70.70032420955985
14.651260859440637	24.707959032239575	53.99300310933309	82.58766127715168
13.184010539939084	25.35362948701792	41.93565702117864	94.5678259023354
13.77720733117446	14.263560077551396	51.366839687457414	108.58427863714482
19.317128338663675	18.914694084301647	59.2364782723793	74.06656330316234
13.310811439683562	15.177865701495579	50.1394746600153	96.30439175906267
14.84432849210823	25.243802959143643	57.79456941560856	74.85598903043163
13.976219807296017	24.833246445811604	51.725099955604165	78.94852391062582
7.756336997106327	22.46844146043044	61.23100677074981	73.49499469214436
11.020314357524951	18.78055003774999	56.86876988118413	98.51504078668003
12.076581986680011	26.24664012009854	57.6520956968336	81.48976959974834
7.3152688252771565	15.32587424756101	53.89954758620728	70.08016903478685
17.40154362498212	25.066969907447326	58.773266396983864	90.49006369426749
21.024455502408422	30.143010641112827	54.14182162978206	80.93631067002418
11.914067170123898	23.032195892108938	65.07443455859423	109.86510403397025
10.607327378979384	19.971920006432843	60.174507713569014	92.33317409766455
12.52820912849571	20.153093786639385	59.03762749061154	88.01430148619956
18.41638260581824	23.89947495098335	62.421344047712445	92.66834306440195
14.61284712888789	17.834362820940463	41.74642956344322	62.799215807136456
16.452902556224956	25.507490042860056	59.119764488731356	92.46085215209419
9.174019730718548	14.27050822414916	49.0688456430364	95.82974168435948
13.613693353618407	11.849257703405085	59.969029368084236	103.83705894247294
11.734739707836399	22.599976813532958	52.835140560696985	98.15839490445859
13.92757863286195	24.511081460241183	54.389425268555726	105.17698159943377
17.667024621407435	28.13379678501023	62.97671699140527	107.63845541401281
15.377632195584175	28.629610577969277	42.806663216692435	83.55785138004248
6.874518315100764	16.6060757562291	42.63494605658596	98.10392298784015
17.345389112572946	9.222642058095468	67.50197936429132	106.70935362113705
16.746051589065694	23.538559876807305	48.46066546502897	87.67387827317762
9.72589839639135	16.983769155720626	66.57860914397193	73.31187994595636
13.97258398837717	17.935371463295354	57.47638174137769	68.68677095041838
11.26484824556111	23.39531145646536	62.40556886392866	85.52069098629605
14.027118105799447	18.314802651369288	63.48203936470115	67.90160158774115
18.798212993174918	14.177063377628267	63.51625375136454	80.64791744723365
18.507661611158753	23.727559486828476	49.955188119328014	95.4194924679001
12.150873011460936	16.57744432133921	50.59062883501563	94.18887561924977
18.214045761681994	26.194856442556535	56.239223665346614	94.33680506408743
16.571864850515883	26.082249726190064	47.77868239940206	67.6417608382987
11.12584785357585	19.667765452667414	58.07725314378291	107.86046801440042
14.781386642536003	13.734641508810196	69.56682996303796	96.10126798773294
17.194204662032572	14.76716342095122	68.30014868651796	74.76700479672877
13.708582735280553	22.19422790802735	52.67301641565805	73.7974325705748
14.67094963908069	22.08654407662278	62.864430176071984	87.05980799409208
12.48419588637418	16.83972875772597	49.0670122133006	101.32740033026654
15.438626845485265	16.155253171721444	68.15417578531842	92.40193357597812
18.90802157418856	22.12241434319846	56.29610660348517	86.6668548542752
14.211529427868323	8.970304939545251	59.27005053253872	64.28004728816826
12.780633008819217	25.67100051823492	53.94626226774486	112.46878980891714
18.118472655074637	15.252172693500885	53.68576696514812	98.94372257607924
13.618855466860225	25.50420266210169	50.20777739067605	73.20387094328176
11.442182594629859	20.46338267232108	43.20200064870228	99.10686305732484
11.320393601783461	25.911152722330538	52.85502763835039	91.77798566878978
14.887967040075026	20.64842935125764	52.82312834559341	103.31608280254775
13.035697867369475	16.514857411682087	57.41721473393866	79.71563605803254
6.300305107397574	27.656369530593874	49.83827278656681	78.99824024171156
15.650546829923867	7.618494843458336	63.455817703021104	88.23327267212613
11.938823642238336	20.537814683684193	62.838416308914006	86.52341206652508
16.752534483672974	18.015631427133386	57.6871522816317	75.66607837933472
10.803888854239627	28.705813289299694	55.66605891432332	81.26130573248406
15.321164032659217	11.821251900826685	67.30452680888611	109.47323393167339
9.062431607399752	23.99709458439936	49.76480960716086	101.15863916691937
17.465474970347056	21.140809273450134	52.903546208194385	60.69345572623954
16.489227131556977	29.517604650137475	54.77116931974142	103.83142756040839
13.843510198469078	23.438092852499246	49.06862524586452	86.5947603882317
9.282356560285223	22.66260851357866	35.39872035276136	92.11927159888944
12.912405460324418	17.045755615632878	54.30167521350461	105.86392504384749
13.280248540545706	31.971706563600954	57.47167730336271	68.76109890914412
14.935930623417129	15.224864962110118	52.40379621079349	87.2931351733899
12.34591721697312	22.374971405301995	43.97092204675956	101.23726114649675
14.141176678096162	21.187717157297072	52.10025533345181	82.52296532200988
14.820115492862152	17.828611820119466	62.62567363399803	100.2636383953514
18.10208838209968	22.230143647568827	70.92677196686476	89.35638080072789
18.76066496470014	19.05119768631216	58.75031376638943	93.65728945506008
11.041202972554837	18.119822071244023	57.17802641172998	99.55103744450875
9.783106126950972	24.499594485705103	55.13999486184143	93.67594479830147
20.325583282021196	29.080258014588697	51.00199636751435	89.45853901273875
17.261596536482315	15.606284190203898	49.52202559011418	87.12407238904052
14.037018810081157	17.45805692722517	57.14458263650539	69.6679093293368
15.170738237654035	20.502161051782707	54.78678811078631	89.48488145789098
11.538200536465144	31.303240341576846	35.808416238968654	77.2881168371614
16.177557795706267	18.970093800242104	65.64187092117751	87.2581399757355
11.789253516366445	17.408010480442908	37.48851639765699	79.50316898639615
10.739331765935898	19.59516539705768	59.69398180414255	86.97798056508245
18.62911320479205	12.73995945218679	67.60067022342646	92.93051704758331
11.159606205917129	25.58866452005069	53.10935074848017	82.09097664543523
11.566775245859995	14.48827725308604	62.47072960836774	97.95556882519459
13.95259096305543	21.061411985740747	56.91294949771935	80.83910828025476
17.896983146338975	28.723349784353843	57.85429303548618	96.61054630083291
10.735564347604653	27.692425606877823	57.71190077487074	86.8332350397106
9.544383512183455	27.782913869473795	50.29222697974774	71.99465817409765
9.021452782149206	19.776640184236584	53.90336806656497	82.32294441227558
15.643792634926857	26.26559845892342	53.725040242825855	97.46433626529166
11.506413735281209	21.29089835483127	44.22149082051679	97.71160651096953
9.701937436039131	15.458402768253718	59.01775387156605	92.87311276244392
13.25045796741216	17.076247917552404	64.48217421164419	92.15243276716203
15.260469150807204	20.017820733257494	70.50896727963075	106.79577140835099
8.060853840882045	21.288531504169264	57.7010353063049	101.5080864026585
12.385516640785214	22.725740210180565	40.24509172603871	96.30230776331575
19.481402302249972	20.762548466503358	68.15831881464297	109.35525035385702
16.894304959499827	17.206047805052915	58.54164826954208	83.05027021810459
19.494079313619917	24.574831836254933	54.33439005106529	65.5655172413793
15.566225085923449	19.543433709569257	58.590016839873805	103.81323611576711
17.09094384633595	11.563241522981551	52.0715723683802	85.84482582370053
12.19490177646771	25.44232626622352	64.03952481177092	94.4464063851537
9.676017421934132	19.834519507611283	46.027191362860876	94.21101061571126
12.767747698990293	18.646436709801755	56.07204593287556	97.83732686280453
7.217298936651651	14.802190067928892	56.28492276876908	88.09350595402933
15.443079310107063	33.937874843898086	60.655019616918935	95.63180966654174
19.79492623531123	15.536943040292119	59.03609714301655	82.12885451420482
13.10977751591439	9.14041716828942	62.14821443047172	102.65600672328374
16.1535538412383	15.37181178620604	56.79330094092141	70.06083244869072
11.660506257619515	20.53647046231593	50.349802386872184	111.0502509168114
13.490740599252554	21.88871595920251	61.293862482150516	88.95891719745221
7.970023652666388	24.330830213220253	52.56822739824061	70.83704883227175
26.362230773032138	23.991720268539122	61.87762061171799	83.61443736730361
18.954334670816284	24.06874256824903	51.65576186287118	79.1769193890829
14.17527812256135	14.670762306742548	45.88912254599369	93.48225927313595
14.34414673836271	25.373235267393504	64.10984817775481	91.99233121019108
10.604274882647019	16.05928840955311	58.00614568449993	96.25594845889152
12.078636629617723	21.876099954523944	43.066073428341824	86.67947873197159
12.75556413491565	22.79809754510623	53.042949661764126	74.99765637759268
17.80214421031158	14.322402516858444	73.88491422143314	95.24110210384093
16.608302064364924	14.758131573824516	67.25799555505108	98.4305520169851
14.360743204976005	23.46052729956834	58.66764939319836	101.4956475583864
17.022091761733837	18.347312098856086	53.32734131937277	81.38270063694267
11.675673488437296	23.021494922926216	44.0195660881506	69.58855511562517
11.759268251711912	16.301963935404938	61.99089223336826	95.53046226597179
17.341493159867593	19.885871729682375	55.95792408433711	86.85058386411885
15.607577086275697	29.206294646896172	38.937129379348924	104.88450106157111
10.112659507762325	19.998125138316535	55.4624118163559	93.67679830148617
13.37936727195585	22.2377788235081	58.78079051072181	72.02202380952379
16.749410876344093	13.676101216537559	54.21977148220795	87.42449681528659
16.654237488188997	16.833101503815904	45.058704012592116	98.32986761583614
14.479083383821699	22.780012227385804	62.307457518374534	76.43441765241126
8.807421746185875	25.62679174106126	46.80509415483411	103.75191082802546
13.300328304204767	33.83917113238931	61.72347904229717	87.73534570294468
16.96053056640057	17.124699155809356	64.6604238788907	117.52880550170774
12.709796939951085	10.659770555689384	50.087872180378504	102.9381796362965
13.839739368311704	19.1470265399241	55.47659380609989	87.50502849480385
11.73106223764945	27.57423911912328	54.7691778232453	87.81978605258858
8.592663635990585	21.656403645153983	43.78141352264248	79.66305249951748
11.771250604973746	33.52291424622621	41.45173906559348	90.84894807952132
11.244133566635737	17.933877791908785	49.31152101731721	70.59296178343948
15.838862142450004	23.77461685834087	44.72607029463743	95.7867385268659
10.549823257452095	16.84814827595725	62.58702934696456	66.67639380357002
14.56094885139275	27.497626819118928	60.16995572192252	94.42355303240096
13.23626803814659	18.447053333705647	57.29847999962482	101.1246815286624
14.982705460959556	18.064713822604386	38.73489722254213	60.5393014344156
5.647091971121879	21.512839245370778	31.19779114119894	81.5154193205944
15.183250458974099	7.2312868978290625	62.45235075180234	89.75482702635193
10.552928243826685	20.892227573813127	51.43121306504172	105.71802016985139
11.720710099756866	31.16400625563374	52.536075248728324	86.22332598399477
12.304872490534725	21.8109316837962	65.66714302175293	95.83988713822772
16.352324612966818	22.022870760709402	69.53750885447428	82.77406227883931
10.294516669495726	27.847217404234033	56.02191065164317	114.84051269953605
17.118003004402105	25.059175686113328	59.816147393951454	114.3721978182883
14.678615978160778	15.315425014152346	59.82343080140519	86.72139882410582
13.636553697103752	15.371236999942923	60.63809860902895	105.83944798301484
20.657247019804867	15.85471688165222	61.37590858960184	88.05919224088015
20.20138922908644	28.54947982878796	66.08665851399167	86.76677282377918
11.650908421398556	17.41706090860041	55.005188028057816	106.89798301486192
16.33477735211762	19.742308324570438	51.26886064088844	99.08246099879995
16.997476284107332	21.949504237776676	59.139908000988996	77.77827710938112
14.321667702626192	18.67435088869137	64.41090075373896	104.33580891719744
15.98463712978963	27.06401399392135	70.78935995927549	80.77385639837868
10.96694997390817	25.99830526768161	40.64403811255118	80.1087638594008
10.863078162147062	26.666671040988412	37.83737603001325	81.20284501061569
10.24845131235456	24.418409478687938	63.51687622397194	89.14180914068608
11.221786068217682	17.830463276349235	66.3504526979691	95.12536189924722
15.10459699852681	16.63745195168628	51.37937011866287	77.44102530077848
16.477477724853436	24.313848717885044	57.26261888673412	83.02744161358808
17.528558831928734	25.401192576748127	59.251898431713514	100.6959550479537
9.271903478064672	23.394199349739623	53.799330950363284	101.50066525123847
10.683678652194182	18.687173706755566	59.91804053520982	103.13149469214439
20.707965489061735	20.92735460225942	51.54294649192443	59.62545116772825
11.1500331433378	12.423481874192575	56.331985251923186	91.59047938317129
12.453771724980152	19.899942785417576	62.016627210214224	84.93889042739775
13.859772651914236	28.33675607891767	43.66632054425424	69.97425886608477
22.92421258945748	16.815302189956114	64.39477394384335	98.23619532908704
15.063465112212981	24.025026859224905	53.66271389322928	97.35375460945357
16.251134505759836	26.029348569990816	51.88512281203259	101.75658616418959
13.995258052026413	14.92187122950389	49.16850691957312	94.0037027600849
17.957364321721922	15.695733066664307	65.04835147854702	106.08210073130451
11.824044913194326	18.366191784647846	35.74508425084794	96.44940855323016
11.404598525182381	21.523414846472154	55.53023041218307	67.98641188959657
9.055819597641992	15.182863884654212	38.90389974272993	72.03930172210428
10.463587332003538	20.917518863141055	51.07518383405956	90.98230034296913
13.03439232552553	24.73245684557998	41.844130580129686	80.4937197452229
20.388952787744312	19.421977053646057	60.72559184745804	95.22579156281729
18.1951577912584	22.457637105106087	61.40237227668651	114.01774416135882
9.864974138638596	21.039886269571657	42.52179324238699	94.27877388535028
11.737273398708798	15.23762875427916	59.68464865913952	86.74167820548323
19.201437014846736	26.308198696830168	57.730870831993784	92.55305086310345
14.602267748554375	26.182609421034595	51.66379466630021	90.36559624911528
12.01417219391865	17.672019771522187	44.694422584437625	97.19179557173189
12.579356569798463	23.43782064679801	51.35807261360726	70.95083788292384
15.572685870820278	16.97810477904555	54.370276905989655	81.75921933692635
14.912657995266072	18.93955581492595	59.511810984927294	86.80516086885513
8.556163136464155	17.843657335857998	50.948713809323806	99.40679784652713
19.358090762744126	19.35843295093548	47.035546594761755	80.9411103247621
14.507105891337245	15.048701293401402	47.414960529387656	96.49480841168739
10.00330959461888	19.499804315587074	49.19012607614716	92.96935437174292
13.72677407505925	15.80330370337834	56.91129337455444	87.85664745728434
11.97458927143694	9.619019325060767	42.48497862779645	100.38179405520167
10.099472812246779	12.218769504240194	56.15310854144684	98.7069832917935
17.857358472305453	19.04218979698107	44.82467298283618	85.3865302956067
14.903279809082205	23.069331502204154	50.39075730607783	87.26456318314062
10.099273420219728	19.162555091797255	44.24011415096324	98.83201619878899
7.600738520354367	24.939486286925003	40.83244511846509	68.45103503184708
10.763823747772689	19.82472359230109	60.63071812344966	98.56322098372253
20.55236592798936	19.92855371356003	58.69614114064351	91.22671367910219
15.688607021768906	30.824036321382465	51.21276864845115	64.71975360375458
15.375123212873646	18.122611189769454	48.43722065807469	87.04763891939379
13.002833382027902	21.950610739989866	53.26749335052258	91.41910828025476
11.601356111914214	18.895643629314016	36.89576438683359	94.67770700636939
13.512720312142267	22.823844107930732	51.61880904784272	97.84614456668594
14.590779161751179	5.999913215064581	63.80560829394112	112.6240910297239
16.83663910003199	33.34710054133035	48.789965277039705	99.09108280254779
11.140823581318308	18.75203335596981	52.8758074403234	93.44410345493145
14.901951079934587	22.02342324474625	56.13542772158108	104.10833564109664
16.433802219123724	24.122918177220573	46.60022557300958	79.14574146660132
15.426136483727161	17.98497425220402	63.20531025723244	107.61962333883775
12.835663418950778	19.52627829445398	58.635297891025644	90.13539790614247
12.407574485576891	26.54165719127165	54.01725494138564	71.14128803963197
17.082201060420655	15.620363324211242	68.1451712402317	86.32835911434636
15.025191875545481	29.601065743547743	43.47854048684504	78.69348460721862
15.817534073482577	28.142752267151575	63.66725699466317	75.95659169320587
11.847038553860308	21.7707305814532	49.68633459053074	78.00951521585277
7.570527323360517	25.16332389728741	67.55120773174397	94.86644470179498
14.339040430476402	15.763607850789276	56.933805231574844	102.83702841744238
14.156254382468537	20.2854122888179	63.88287528250887	118.01732773595828
18.860820589379976	21.56431390623063	58.24410767670396	106.74185856606236
15.82956731376355	26.26714409529763	60.045357276651316	85.7917860934182
9.766071471324395	22.168924662305066	41.643519890000384	95.89833823289236
11.895948395358344	20.86165647813491	69.05925145174328	76.96663314336797
9.949005290835801	23.318943353609548	36.57905800022852	70.42108987968857
9.303870158165422	23.402672896122574	61.57180052199809	91.20508374616651
12.475012379097713	22.052899407232857	55.70450277058573	102.9335619794218
11.629361623828489	23.474256616636232	51.65015880365563	108.23288342938024
12.130806968407713	26.704445370810372	52.9089864120185	88.6472576079264
13.988698058836174	21.333816542899662	69.54112405178032	93.68773885350315
18.00459313903748	26.15089456258139	45.64550507683667	90.97469786052588
16.70304039343882	30.669022983141723	49.66325412182563	84.93079288381287
9.903402103110233	19.64552113545696	37.6207086727115	94.335452392618
14.134469896538619	19.54802248224827	54.23101165168539	88.13460721868364
10.419552766070629	13.692556772552752	59.54590210831183	91.12084723485995
10.464636718716323	20.55672600534844	51.22063549561905	107.16996259225557
17.178059340360047	21.039248810319524	63.99417320590461	66.17201535195164
12.817207107154237	33.472857650807214	50.76347697564628	90.90035668789807
12.547675764071876	20.319457050679844	32.628429159918745	76.29241128298453
15.643291030610351	37.77341529620148	47.62311982050733	69.64400929592009
12.811295450167037	25.4542646150737	60.66664894967478	104.4322098372257
12.426911788033053	22.10525608936927	68.77879032471246	81.46791492788637
15.068591106542648	11.199291687573114	62.91022773215461	107.27836093418253
10.323067280976469	25.427049036619817	62.802810763684455	83.82519189939572
10.524530364140098	29.32603541425523	44.64106913997814	86.71804291780406
17.733347363249298	15.914365778659839	58.6780719158722	96.56107825295719
16.97534443621998	18.150937009477847	56.03624851070966	113.87945859872613
13.45624507013435	16.312351640396002	51.07433457678501	94.11874999999992
12.949906917597485	27.045510648145484	56.72818680171713	97.76857454588345
15.288827608206754	17.005832171931047	52.64530303898506	82.37552441613585
12.605704300071517	32.95536026135802	45.414834167973666	75.26490282541235
6.22272617540942	20.931300367760326	60.29982354476167	88.95113541955138
15.130398279339406	16.567288524767356	59.62799351712054	94.4040030077848
13.575903425711784	29.562794381392465	50.49596791515148	108.33996225524886
11.357878853758601	22.157397852845474	51.594220273799905	115.72407744414106
14.355478116435068	15.137628564340789	68.9549710736033	87.03964968152864
17.018642256244	13.675565434612821	58.842288461025966	86.96629511677278
10.263252445063614	17.195930266363803	58.763985916807634	88.96749029943626
15.912772854688262	21.612764273060197	38.87184035439791	93.61568294409057
13.992012671569809	22.50335812279226	62.29946529921108	85.87434536447279
12.362881062134107	14.176306165622481	65.90536399858776	91.47326433121017
15.548674908303578	23.668180989249652	51.107608640951234	90.04580130317007
15.533166325626159	21.62521680744228	66.19038884299454	74.68763522394093
13.35723780082401	17.991328379098334	72.50879906600876	98.41734021524269
12.133383719025783	22.182220833441143	58.172530137000955	106.07681914688283
14.242866879203142	12.002110468021936	57.602393541708715	89.87141445200965
9.791159298976247	17.774391204131984	45.73580865409705	98.83823103647946
9.651239818548811	18.511887656017525	45.87449629655159	112.15508305232918
17.970805655729237	26.85301031436342	61.82496479542277	98.74475849256895
15.061140357871185	15.79585565888657	56.50421230876687	95.8147505307855
9.226152688928028	15.699241809040565	44.516202884643874	103.91774697139996
18.84894761273509	17.16367281845114	64.27735744698641	96.50401185421083
20.458688292345098	19.96096749183255	60.63131192532783	106.76496815286623
15.726650233068886	18.98161852070799	63.32171023673368	95.64626576745346
14.21531844569892	24.451492879990507	54.21236915981585	86.5386563542614
10.610371182284837	19.89227002546376	44.86157412685621	82.7058009725361
14.569174373664845	7.522617683986571	48.394529325481955	90.26878980891715
11.714550873684743	13.382772213841264	51.056084133660185	100.90436469051113
18.722935350510035	16.061151839037855	64.27174271572791	80.90287129713877
18.114838488145693	16.366737702189955	63.976602276497864	104.34318471337579
11.401931028422359	17.565272396240893	46.39770952981039	102.88914075184212
11.263561527339364	18.634471755400714	61.81843329676417	110.18509200283083
15.145341854273923	16.971687017049288	64.235981707874	90.43213998096489
9.02124393005961	27.033548130190486	50.182928970884475	78.83660224028114
16.884076522714615	29.227543317678958	57.25532215233511	83.79883227176222
13.912371441674152	13.293309927663685	69.24798692584484	102.54593809364171
12.370615886450532	18.30298725311349	51.327791617715285	100.86874734607215
19.565629614530962	24.239271871004455	61.57387888130086	83.74657884578266
5.656040597550574	19.342019611178525	50.625338018724534	96.62355508374615
12.453920114389879	24.11719730921862	50.64379207158363	93.08588110403397
16.884159420627487	16.226838761224435	53.027612093358506	90.0148305417944
13.253237278935991	17.99367561313089	55.370011146371475	89.93502067270083
15.448691579807436	16.679835825826412	44.03190577441107	89.9154028915175
9.663371855206506	12.444034486520541	58.146936955321806	93.6674716914366
14.97602017319126	15.82767491821637	61.270998206933925	92.25480476322346
21.62158299638986	17.446381770703447	62.75934027832835	80.8660454509711
18.544962328063143	23.03438099385296	59.033907465511675	74.28561571125265
18.62178938759227	22.490872366235084	55.92405584301705	85.56102760084923
13.560812422261565	13.563760133491368	58.1178749092986	89.08155899302393
8.996110280574	16.033601934622045	53.922437376570294	110.53196713745035
13.174554227869127	16.86397810955682	48.19324409081567	91.34967303609339
13.9358563994125	18.357695650159986	55.83416424063783	95.40455377406838
11.80411964788155	18.376031741763104	45.88790642411546	95.24109096847948
8.052304792116358	22.986649194544725	51.97783872686349	108.40562171143729
16.474332393452656	24.06872304063987	52.82753290277103	87.0483417526905
13.582473147760844	29.242668436359875	52.4498326845287	83.69999315115402
15.427231236249135	15.013981917801708	57.711911573269006	92.80866444242238
12.691387004793665	25.73864781325977	63.441168322045385	103.70255307855628
13.150947541878057	22.842718237567208	48.86605025524254	85.95329617834395
16.3290876333262	13.465747374408187	66.08000536053304	93.01914205751785
14.902190112327336	18.90009316449153	63.761902246980085	84.71772091661171
14.529846893192627	25.187737813975385	54.04606078602238	111.41636749662226
14.006914187256536	15.851369772456946	51.66056326201666	83.56918691515293
11.7835872686434	21.71538941365381	43.22324312476115	100.92050601556969
14.064669493999999	17.68348349455603	40.22902761484518	109.12895193977992
17.99531171991136	8.114251664874269	65.6925883671569	105.7952967783624
12.498627951727721	12.98445772450778	54.5408616219461	104.2571771439121
15.753339101809804	26.871239583834427	49.395597416017296	72.56598801941156
15.02065839771379	28.429421551361823	53.97082395182372	92.8100971745876
9.880755674182069	15.246516219385994	35.36173913981798	99.3953903315368
16.526254410441297	32.20045786131753	52.14066017689604	97.11910403397026
12.06131569372977	29.3715208542383	45.146925637081324	100.05284602163579
8.375972046083367	34.10119153072853	46.52694953475718	102.64818505581805
18.115516273384568	19.37368422648986	67.89700477016599	83.62504914681129
11.431463259495123	20.358370442306487	50.60833987698552	98.60843064401976
10.046322524276315	21.301328965335404	41.400953605605835	78.40771200199825
13.987102882709042	27.10300745426959	50.50117702432339	85.96135881104034
10.124200795539883	24.003668368566007	54.18570744746036	93.95346386726426
15.577447435977312	26.974708937792315	48.00195755747751	80.83755907129645
14.968176937390112	14.23324150566698	52.662728503873076	99.02001258158366
11.016545358273019	18.530680110329342	62.04471982843033	96.32128829238698
12.29776472647556	16.68273514372562	57.80570815634371	100.46861919927203
6.793339775335529	26.539399355341683	48.40496744940703	102.44645700636936
9.755318992870425	17.300135628380996	50.772177424624275	81.27132971612802
12.38052978005198	26.199008717275646	61.02083679782108	96.33379334748757
14.833761512633014	26.135656036709523	56.70791711212801	105.61814275604084
19.418361644023424	19.522273491067388	58.72934114528586	91.000457292177
14.528974953952101	23.037180242672136	57.908328472225676	81.99704529370129
16.067983431852493	23.455356688624637	58.05526935548319	71.07993040811512
11.471750513823656	22.5455349142	38.852894516492405	94.60954352441613
14.119192454313207	9.707905324340183	53.09293271416711	101.17354476291572
16.564531853540913	16.213350879433452	62.178748556022605	90.084198922097
14.991178061641063	14.994720124105783	48.74696287867583	91.44391137593308
18.959585586341856	20.469569394640015	69.17721910588953	94.22462383457946
10.340630795178052	16.891573367666233	53.269173715354704	89.57399656253156
9.93781573402386	25.693825780829027	63.10669623104029	94.87818240561246
9.638922555576498	15.377866577834503	56.43179667605993	93.7478178815758
17.13896155429004	16.135239259067596	44.09526898439797	105.38020700636943
14.110692317920245	20.522731303455956	62.662031602966216	66.97057324840765
14.867727840009168	20.721486114142724	54.774448853877686	109.5486006562439
10.696625357543713	16.92150628472736	60.82857968647453	78.71013547669597
11.061155042552322	26.492870919440154	58.536220495716464	107.03960509554138
10.503539942133534	20.425591638211035	51.43176998582417	87.4774416135881
12.767415959941042	16.613617122599035	57.10622757951999	85.46265481245575
14.014556840555555	18.80652415460158	59.67197068912361	110.22447886508394
11.015271090673076	15.918080040294441	39.183105550662496	71.93517224847609
14.383819280722653	11.484099279730634	41.58344711029204	89.80588479645526
18.603808891812463	29.91036527292157	61.19768770058412	87.71510576393803
10.303760072951064	15.947190010263059	64.02449524125863	70.41421540243194
10.269607040943201	9.949267499404172	45.75411435063844	112.73470912951169
11.91305466494701	21.596446355588135	50.28542303561139	66.57859393192243
8.514300164402622	17.97344018424276	43.817819099195546	76.85880042462843
11.883817942358899	29.98246080208121	48.677764547427046	87.91786411889593
11.466754546139688	16.108549407244436	40.17439708750321	90.37277478360281
13.819070307521338	17.349075884482165	54.09163224426736	129.84271669897535
15.967207396965259	21.617299833845628	54.802937577017495	98.44629777070058
16.97506519275732	10.556276879412875	61.72386853198357	80.74765069694452
12.060380156936178	17.00552520751364	60.139144796832554	93.08391719745222
12.581888018584854	17.238385340996416	51.128894915353705	95.48623673036093
12.045012056878898	14.550009581630242	58.13023279206146	97.38217887473449
11.112833131093831	21.895871887899336	61.84576625683509	74.8257961783439
13.447082318875268	24.720784238344372	40.96474024494448	104.34918934568611
14.294681506786988	28.915933998905775	56.91364335967766	75.19297898821286
9.453365232157099	23.780191831679925	50.00610122730447	92.27242038216562
13.074860054223132	23.032183734884452	56.5058054800529	97.14256141947223
16.717067275810276	17.325792197782093	63.98890829885056	92.43046119367771
16.01537229788385	10.785148424676967	51.7295343904294	67.12964535660925
18.287246046994852	8.102915421970808	60.562634407856095	86.727323917659
13.423296378649994	15.058570949618051	62.924680205099584	94.47370336669701
15.857790324284702	24.472281889786476	45.35781042289527	80.15535862641923
10.126831994026979	22.84110257800453	48.17697328684029	68.59061995753714
13.38110468349835	17.983794203746932	50.175249349957795	80.48840339702755
12.436199915611322	14.029545275465344	46.622151095844636	117.30051402391325
15.26787923557309	30.77141712520689	58.9010419179613	104.995705462266
12.813672599332582	26.73543022013252	61.08155482820598	96.46977176220804
12.10417906216521	20.752707751837754	52.32038305393089	92.44803397027599
15.694110911021497	14.371487037833774	54.22745510856562	110.32778085479549
12.963412304577417	17.961619014255813	53.240581319231204	109.33562750648737
12.269729664395587	17.678487787271987	51.79736167750586	59.720772672126145
12.044616834457456	12.750032845593859	50.16491788790209	78.87536693436716
12.718163435406092	13.32585522374585	55.57957664912474	111.08520333170013
11.174246522703816	34.31065060769209	51.32984052492085	64.60096204883224
11.93803362256056	15.146244049037433	55.437323883994154	106.31232012267041
23.328404426013325	27.0730834109879	72.72223669682259	85.56055626326962
18.90830347013607	11.852087274284894	64.66677554686694	111.03010817915272
8.460041594388308	18.34678591988954	51.88695748526766	79.71963513407249
21.042498833392468	23.03063846041032	59.0210043290726	82.68477462028413
13.418560640619559	15.078955057390395	56.5221368084514	99.25459620979785
7.509449822326184	24.583736039587134	55.22004123916023	93.12958244869068
13.362582443829123	27.056091967744152	53.75244060403244	110.62313816756489
11.431006102195875	16.566497711381857	44.6137002120152	107.03800930138507
11.559944420576487	15.819872782323863	53.72093021081581	92.44764937822261
12.490122108289007	22.144953083078875	62.50596610556046	81.57280679405517
15.125489992894444	16.598033464746496	54.440480463832955	90.81333647872924
17.68337632269058	10.31472067033229	64.81531421824664	106.15967356687898
12.50565545089077	12.665061781746273	71.39015469974186	93.40504688605799
10.335911394874042	18.902354116763473	58.133242462977606	94.13601495430626
12.538382964710427	14.391628816920953	54.37283172503637	98.79089611245332
11.464636134557187	20.002058779581645	64.36671753554694	89.25640802933796
15.18812057224684	23.399917721507073	56.19617328250835	97.13136730360932
15.325516250222044	18.77726399532859	67.79060543834554	104.64399932953401
16.96067186547017	40.58878551170671	40.33173721205476	74.29511677282376
10.20665421826034	23.552774687065824	53.566970687765796	104.50650120799472
12.34132125210421	31.77423711091261	50.99105255767802	93.34344858962687
14.715092132056231	11.3440040625098	75.7769036554894	81.6353778406857
12.191355280226613	23.328071010978675	41.56464850119647	74.5602350098836
13.274530681094774	23.58435421319769	58.24294581021779	89.83603551437946
15.60685293428645	14.801416840505276	60.749168110050206	76.68446125265382
16.842406496399338	20.173996030326485	54.50958151184452	78.79650187038717
17.523575837960923	21.746881997541085	51.70112919979539	72.9480891719745
13.486914623861848	21.849998465263912	46.621244541252665	91.05281316348191
20.298616984216164	24.31062600166013	61.32081627317215	65.36888569276071
14.028965320276173	10.682867518508596	53.28353870228773	78.16620222929933
10.723404060360064	19.718974045104652	63.910916312724815	114.2435699120412
10.627498996567004	14.476388215874149	36.59106026473824	78.92220579314527
12.02443696523905	18.35746629648374	47.213287202014136	107.40738608525228
13.034377677106054	26.496348841658886	59.044175487776364	84.32089722418803
19.314567024157785	9.84306673222695	52.59692075742466	76.29749083188571
20.540911145804944	12.424819196546387	69.83802023309731	70.02041047416841
11.528517148356237	25.48888512891379	54.04084284359019	83.7393994540491
18.1461753006909	27.409256875691298	51.133380391375375	103.49307782414522
13.327693026675664	14.307740248376037	51.05321999466909	93.3664543524416
14.425980170868915	29.026717641512942	52.87386415027763	83.99651314715007
10.082124143050455	13.630560173262849	60.16354113679962	73.40781219841726
6.556483696887406	24.374166157683334	42.05856862793719	89.74676220806793
19.56984661483039	23.7563961928091	52.06232974117385	83.23243412014483
14.951278260221017	21.113152182109914	65.5471944266797	87.7689844302901
8.714043200282735	24.52640822621619	41.987264398762896	100.2508536801132
14.354873101752467	22.379909491112453	56.08037873081794	94.19903397027602
9.181622089283092	25.326729628307767	47.480706279954184	84.98181528662421
10.925412573426065	22.324793172059806	48.00832850398418	94.50893236275401
16.168476587438477	25.399911985893674	57.54122406626491	87.28399796916827
17.19481468651743	17.456614022560967	56.10961812247403	108.42043212189337
12.879821841689706	25.22949155831616	55.97570667599698	103.48639741362669
13.00420914624962	18.764145487458915	47.77368861376578	110.98733069770847
17.64862761103305	20.6794231605973	49.15845947650162	78.59459385075093
10.378442177050012	19.13021014094472	53.43350973100691	113.95018577494677
12.755371213323624	13.718088824306768	59.01080252434009	71.86480679405517
13.739729225320952	22.478338581004355	50.55958261454273	95.6113732870102
14.776061957431626	15.295172467346092	53.81066740101248	96.98853110010218
7.383595429227208	21.709609573184178	41.38573023027455	92.92083092067166
20.917664795925674	21.42151049327902	54.34139221703043	96.87069602141604
11.557623410805878	10.852986704938738	68.01398194655465	95.38099029420685
17.614725429492502	20.136826690572544	60.80059922861128	68.78192498230713
10.615683367258208	23.414939153831956	53.36633736817596	96.99450290778175
15.632400597960913	15.390465510781427	57.016532207817455	73.74439779965259
11.399119589609626	25.596629981295944	56.0559084072064	81.51313554587104
14.29780070360986	26.151292664060396	58.23744377389706	89.74430732484073
9.231851390905037	24.247348860539095	48.825335680629934	88.39223536548377
15.638280045437776	20.948872530352585	51.77581611169573	79.5296017499839
13.362084455359739	21.594587521548398	54.282275712718196	92.69223031038317
20.112585056781725	19.931758075554995	63.7142985193786	91.32335456475582
12.735420344422652	19.840272506140007	40.18092802921417	100.26604089842436
12.143946084379198	12.171724888305757	57.88389435658097	73.45539725108951
17.099645923703438	20.108925424961587	46.80743826707491	79.26209306440197
14.473649254125215	20.22371779526344	56.9881398933999	97.64171469012233
13.045983311948074	15.457722192005871	46.26088177583034	96.89426751592353
16.4556346742411	23.50309350583033	62.28233331785431	92.120483014862
15.635090878970434	27.34178417674836	57.82492708885566	100.65348870874348
14.11745930591352	30.95265843092608	55.341305400271224	79.76547154304494
16.444953958973315	24.556897838405106	51.31480426004343	87.84859341825901
13.21734263121051	18.362155842424016	62.17230676931848	103.28654662747017
11.710729743689777	28.50614068134931	54.1599710840862	94.66223460721865
15.865362668702012	16.922585965411074	60.29586760494637	77.23629511677277
6.1333104687089754	22.451724149905857	55.25014288294584	65.97503184713372
15.782616041651261	16.409242547659257	69.85963437934832	105.48444105972487
15.65784282146761	31.41457820513679	54.00785691360458	106.00589580271105
16.022182880309295	25.46282336588829	61.03517685574714	110.69668982821845
13.909477485807649	15.223318560161761	48.14353708316821	73.40145586897177
12.05472888430622	26.748550703450746	53.680509426268046	98.75924049411309
13.033920126230276	18.588563508200334	38.44749941425585	99.42019397799649
14.786727106828884	41.03412787700307	39.37092815258402	84.00890255509185
12.333924423846403	14.007713513075702	60.45984776032917	95.60268931351732
8.017156648050866	27.522938409427514	38.504257793718565	84.63080486392587
12.084163309583722	20.636479267080677	51.42152734786985	82.66187948640176
11.135953416691738	13.881746381293238	47.79297857529005	77.61159308880585
15.700728186652814	24.86781507481079	51.016215270788244	94.65705502476995
14.464403391648817	21.18408062426909	59.86637843601095	118.84671974522291
9.948402103132578	30.026361057860964	45.20598751557335	99.88170330799255
11.495275063956221	20.384024506614985	49.647627317827435	81.59930644019812
18.97744914819633	15.297486618905866	64.85374551361215	90.00704790916642
15.342884204762205	17.24758830015853	47.65786119180093	69.23919393806281
10.028834951818437	25.787015134334467	37.47100357255497	92.4075327317763
13.630439957918323	12.633717157633592	54.871261541865636	79.49184359518749
11.753236352228798	14.716660310487672	48.93372192548427	107.9616383581033
15.67239495693315	27.70666933168757	50.622905638411055	86.96297664543523
15.061575233574237	18.11678851727927	47.61345628039309	75.74490445859871
13.32810029967932	24.87067538979984	61.35214132277612	93.64625097776283
11.965767920959584	13.077846439903947	54.76366872042038	77.44626326963903
12.548755533521573	14.779091271739002	51.526543958809235	100.17676384125427
11.430368418533496	22.23976802079689	61.44209380311703	94.23919610113877
13.920404749689526	20.954906966866645	54.8867861617451	102.37618220420765
8.15999945252307	25.84775182702882	44.80610538213743	92.1073673036093
13.5899705536602	18.97649818687003	50.02693489165242	102.92110076759755
14.829683940779931	19.665848712811332	53.007497061252096	66.39317197452228
11.13194132702837	18.967240933895564	60.70893198524401	94.97507203518346
12.612692218800536	13.009153156907566	54.82860272973625	86.67340072002209
14.289723008873576	12.981254642287656	56.524051440002424	58.383754537360446
6.014272961200776	15.271182356525678	49.797333501386944	81.23438605803253
11.820526303547013	18.519605552624874	53.12946966825024	111.8316184876694
11.88599969794754	22.244232863039183	56.84006386082175	72.27796797593768
14.891427979596905	30.761394362578578	52.43457093911576	103.25689056166762
9.476397297037794	23.114670825930496	47.12671725195095	89.23928520877564
13.72300763696498	21.269347736542812	52.70766590064043	101.21345541401266
8.505248134793023	23.38565807751269	39.782407048003186	88.22207144835227
17.010434686150916	30.459188329119407	48.405390384053725	86.00043789808913
16.057407692968457	29.560825076791208	47.88246792441786	96.03648538298219
14.463254245572484	25.913618359579655	47.05154368207813	74.79090723501548
14.776457792662464	22.872593526110432	51.988177084082835	69.82663999128962
11.615813246553593	14.815827166047157	47.8097040700725	93.27820512820512
7.878675887559798	27.783867273909276	60.390315389168244	88.66319002123146
17.296333640198444	26.914843491494427	57.46953105723878	95.34215360472626
19.781431406916443	16.508205653967313	58.46672413202621	94.60233121019107
9.24915806804761	14.47344431221544	40.76971319445512	76.60646894904451
12.390702652266345	19.73771334791492	54.19804054344216	91.0617677125108
13.933602167752266	9.638442469579529	66.417722453803	91.65567940552016
8.925321643631014	22.481437089754415	52.62257067685864	75.41086341118186
12.030651818464431	23.119939530163048	40.0317690990925	81.3853821656051
11.998736358310886	22.909455806380876	51.54630339256602	96.92083448721498
13.04811499261433	22.65245305473208	49.80840346321251	89.11377830856325
8.087240294199848	23.306371529408786	45.80957847823457	69.87583156404807
15.336875176253987	16.67299227574168	53.67853490457977	81.50607749469216
16.971684065668526	12.466847378730877	60.290889496373495	102.09292607604709
15.227509525757796	12.354494994617548	53.60486688066253	76.80568123581517
11.220053471434198	19.893415233162333	59.78922646498148	101.22124988461181
16.41337053652338	21.093336386919077	62.81568141765591	90.6069229602669
16.078574632823646	24.990150011429463	55.26021322389837	94.68808067940552
23.79189640223913	19.243035310174687	71.19517189791077	93.19645066002029
12.44072838275059	22.468391012613562	54.26295556606448	94.82455626326961
12.174121036143333	24.19607473587606	38.43840521563785	102.71098177026131
9.781466420959449	11.970783874879057	64.41170073908981	87.67896762208066
17.0285853460831	20.819743696321105	51.51320541568666	41.213500488659754
13.141255323969576	24.96484315217121	46.84206349902363	81.01749284593367
15.96108723631471	18.94926443760443	59.83596740407027	66.81097588717014
17.996402950971767	18.48093800219778	49.63681217508913	108.3336989856098
19.920409973297716	22.666037485942187	49.11989692850419	104.05382165605094
13.204779268975752	22.243411379048375	67.9415202794842	106.90078980891717
10.673723872316785	26.24506567936897	42.820891299080145	100.29782377919315
17.512871586050352	18.856405415242218	43.47565452146732	49.94204842397516
16.51379299629287	26.05594785602555	57.962575931520064	91.1118188251946
10.483668672744543	18.90358068308661	56.84073550412022	67.26796251555751
10.324277777608803	15.824883170837897	58.69423662135166	79.71672889669811
13.892247086604277	6.097812557328856	58.78014409129095	121.957478585548
16.29442221208746	25.765094330648854	72.69827416128078	108.76108811040342
10.018530084537588	22.37441883998081	47.58239444237935	89.11259731068647
14.599312997871966	25.542616116087657	44.573912975189124	85.24644120918
14.107980130609706	20.578308138687667	45.94735048554113	64.72764143874109
12.419466282798428	14.243091206632606	52.86688502882841	91.81915546119362
18.88397903533325	29.3629603861035	60.81869358599604	91.95972618786145
14.445535265362427	17.50523829757761	59.94162696821443	67.17782731776363
13.485686178937524	19.438455818224316	63.426327281361445	115.55090764331207
9.549112444320688	19.558335828987747	43.25567445346934	92.09345541401274
13.293279410858906	20.39404475875941	48.53070993950955	82.42184906388727
11.143751995150481	27.79288563368447	48.05894830146599	87.3757855626327
13.449346715684783	15.895123393484324	56.972644157994374	113.17796015025313
8.849032861221858	34.92618496520987	40.53751210916894	89.01983096521313
11.36661286879604	24.509095511360425	50.15065556363108	98.94332221211198
15.099571345094375	22.26273374407378	66.98012496007475	70.25431422505307
9.735432352686253	22.69426801436577	44.294277095701766	82.69261449802849
15.386742931734359	11.725822923859145	41.84424979987431	70.65443648266094
13.357484533677777	20.857347191163186	62.89416923031456	94.8317409766454
17.956895530083695	19.395071200870923	56.90563731989319	79.0336730360934
9.395212943952943	24.972924693893084	54.4185589714955	99.7362889708347
14.482623690465424	22.84104097097853	53.72064128835483	99.93741507430998
14.97773219291651	18.856448556471527	49.09311706247241	97.24900414518244
14.393082433095032	20.50511324438426	58.924562986606915	93.96698071479118
17.01919985814927	24.592389334923055	54.19527182685236	67.33736351228387
12.21782832648055	17.352288398180658	58.964966144810504	91.0011146496815
15.354274831830088	18.844376938654438	62.72926213351868	91.4125542324379
13.783544770960374	23.342367524517	53.48681388565929	71.6027234790248
17.86592703238364	21.52777189507607	68.73861693881214	71.22252242997052
10.719886328768622	18.8238788368559	51.67344814292535	94.72470933171567
10.784454881755059	24.329898676819084	44.29017090492173	92.1970669182983
12.678611331085602	29.184291215974397	40.92196033028953	79.08588110403394
11.986496063876473	21.169361694312574	41.35154558233903	62.06260341166993
16.777423499424838	23.25953063418647	53.94943733485536	69.636015952258
16.533047354933423	20.383320204340734	58.80705999922361	93.64562101910822
17.495957330988993	13.32157583543012	59.55560919207984	94.69919544083135
14.633736425967628	12.993464262230336	60.905789208426576	78.44716606664815
20.952835441198307	21.253527855326084	66.00612109299274	87.34529087048831
11.850516388817468	25.34822282101393	38.53125858547101	85.3521966356361
10.033968962656887	20.00230221081233	53.08194012122451	91.55644525326049
11.315180177477457	21.14041717590812	46.98697199449775	86.26050955414011
12.57712974530441	22.22574177157111	41.67489761635249	89.05107041755122
13.16388146375281	21.569816598735475	55.44159766976302	61.87500838082467
9.711048414543605	17.866784013078888	57.03223141887081	95.14051486199573
14.80055483678637	24.693749035915353	44.515100978172484	66.49520828757592
11.740257714813145	12.470645400685514	43.75057316579234	80.76286134247917
10.534604106096769	13.746273623946353	45.38920707601612	87.99834394904455
11.006844597652874	22.110219969699077	51.83130103308374	101.13772823779189
8.344820305717935	23.82419727329236	54.63134045575646	95.16503738576564
11.380975965198393	25.62732070436797	52.52201478490467	96.89185821102183
19.89561321364358	11.21007130936208	70.0698191889805	75.71230135752424
11.06882856416262	10.885150682848389	61.049567294772125	111.5720158056145
12.246502008774266	27.877462467292542	51.636699023979745	111.52312183570143
17.556569596856896	10.366043089739419	61.70165788862259	98.558198224281
11.50700848534896	11.357311105436501	55.81406559340345	93.64449044585987
18.9543549048695	29.250937371851087	62.84112921345093	96.40653145602856
13.399862310308732	29.70275967301028	41.13963886689972	73.81114006305086
16.957728935480414	19.51908601277575	59.076093643113566	88.02764409845086
11.303906228181345	23.15676267919836	39.4755814691587	78.45118984430285
13.827928487420154	19.39635969985057	53.928302899001416	97.94077444141135
11.668410790507302	28.130553306914035	47.864102518500665	105.41612577090277
15.468633388656679	25.42262985119128	53.74630296417098	93.93173311315559
12.029841183849996	21.709953675339126	64.94213974537027	90.78283607106937
15.249272680236276	22.526280556818936	52.116893302300355	80.48418259023353
10.018594992660393	18.50851226847479	50.85752871796582	90.67405739805254
12.135013602992638	24.99222398728572	57.03862825520356	88.25060598018396
9.202347729465764	22.76577298843106	49.54134032551461	95.31928078556253
11.568298718381504	21.72370282926802	46.21870358047016	100.67008391466986
16.935052497104277	24.71485258250739	61.096232598265644	86.22442624608223
4.46035819706994	26.97897896095981	48.08074659788568	90.17486435480063
16.403403525499236	21.702580012279903	63.95052727821138	98.69550743099786
12.347879954683957	14.624024865531702	57.06025000455029	98.56598106864824
20.578291977326614	32.44242171228094	58.70624397634025	67.94183214687146
11.968822285360355	21.83961391883254	48.03812883837371	64.93516348195328
16.15886290726047	19.435530952313435	48.738017169591046	95.86744207514076
13.164044435783973	19.949238822899705	61.991506217302046	90.26416260771822
20.019469506354543	15.047955058544709	58.69251377268303	90.43710403397027
10.132560509657337	23.565325610463574	48.151351916560095	84.08684030937209
11.559041343232668	19.745407196127825	59.63816123091891	109.06567409766456
9.019026022567857	17.389935320045836	54.80472155125881	107.34029723991507
11.312134799110948	20.479661680657856	56.40650375352341	109.75774946921442
11.722486495294135	24.66772238634854	34.387234798676445	80.78695329087049
12.464038402347995	20.327748904892438	54.8392889161971	93.85392275806285
14.685387475204124	23.451271846210293	51.83397141361259	94.21019501454745
16.392441251998285	26.799935365240046	61.85445822702477	101.70695049726223
16.17788491035903	27.561298764709758	56.039796526325254	87.7617972860703
9.235952391701707	19.101044120928304	56.31808996428216	74.8073885350318
18.159477885724673	19.846468134133037	59.682485219163325	108.02839294463499
10.978117457070557	19.657016981911664	62.437584719813245	77.80068622990598
10.064316214997671	13.260162488950748	54.27155040722344	101.74139419674448
11.312572894879473	17.39073771869372	43.0675210973411	94.23201344656759
10.443543794566093	20.624332606890253	49.9066607586454	98.45193736730349
11.812638499319018	26.8696160709253	64.31070434547897	91.29938613495798
19.6072318126257	21.50789868289953	68.07388140493029	64.19272652558041
7.824146599242588	13.600127490675098	50.160514164790115	89.82087314225048
11.110221557832496	22.133608183629022	43.12594063734904	65.06658633155446
14.546334731180663	9.996595318190623	60.33393611722731	92.70352164681988
17.997321997600075	14.274154407481477	67.29152688494624	65.7756979830149
9.490756998989374	19.01922096029664	65.932911533667	109.24985845718322
9.528412539052576	16.495364380098408	26.6799062557407	92.76821411073001
12.429953630680636	11.779201580814275	55.70971435424983	108.0918452036286
12.090931479320327	20.585897195224483	58.8755302450097	72.44483856797716
9.751737945046926	22.56919664556526	54.80116443643095	95.93836763024659
11.156353805176304	28.36700857265192	51.86240132874748	80.53953215043978
19.01334968281481	23.767024259547508	56.76334091104877	96.17170220622171
17.06663105149765	24.393376254241876	63.80517763986112	95.81652512384997
13.891405934490775	23.361770577099207	46.48243677065698	90.30850141542813
11.978458505839717	25.20210825641306	47.76866607300264	90.10976237138655
19.09933189675987	20.20267041975788	53.40360971184369	70.75182236376503
11.937849969306074	14.289489622285357	56.82919281520715	102.12002830856329
13.488298733336071	22.073671535704303	52.50652084792303	97.87146850672328
18.857264221821307	25.787417276662445	57.3059891893045	92.52151198058843
18.33113765638044	25.93684252369612	60.96208105280175	100.35108606892044
12.770497103275597	22.33976573488573	57.45650292876498	90.34760615711248
20.52375763311821	27.608513649089208	57.140496183311576	97.24988959660296
10.533848748294377	13.256337923399547	56.154432762234684	91.82573617649771
13.97536324818775	23.92184436002241	47.82312201491227	89.31276743426422
17.332435091404044	27.44866242542108	58.22120206394904	68.25574006672733
9.917334804753404	22.34208765095633	59.49832478680675	92.3359438332368
11.602722826842784	24.04882505461919	58.041798317823805	121.14274271376178
13.498952392748286	17.82620026539135	50.33466021084125	108.57110596409957
8.766009458056516	20.328691995021835	23.666751136014817	104.97848549186119
7.633046140293415	34.65873123342294	29.162242362484697	89.26466484683046
17.37660055506115	14.242339107521955	54.439339968678894	92.50904863006772
11.801035772799299	19.961391356414648	50.28342924888732	111.95137611071789
14.903800034135019	25.99249475468728	62.97681183514138	103.70299170044389
15.411964424866103	29.46890717979237	43.1206346292231	92.87484418875415
14.135337250157578	22.94158379545886	42.44195016716698	88.45184005661714
16.919153973294605	26.545690036136346	58.19082085378892	100.12816702052365
10.597008446149784	17.183829269861313	51.22823343673433	72.53646496815284
21.07728884221279	22.56197343979426	64.04353115347537	88.81087402689312
10.714142260056253	23.19811779701971	50.53331022839613	100.5273664189667
12.77282304102311	17.770866727359532	58.391699355868376	99.23267597582878
13.325181785546638	18.93313510218288	60.08311309547361	82.51420293701344
14.75227553572741	8.471675200344626	65.60452991058564	99.13025870881495
13.194147202232932	27.398315842921306	59.146723754710955	96.99108280254765
12.321399755325189	20.87911522757743	63.413768185901745	101.7903397027601
10.210782991907578	17.87158786291524	44.09331291929736	90.21650939687031
14.06360407636931	30.55523716701433	57.64046244570117	69.44262420382164
14.609873240616656	19.99351231599674	47.048267266951015	85.2527970091387
13.592529404907793	32.176884255992476	45.13530976720584	85.02156214274046
16.343226681697445	20.86144092392899	58.248786113995706	94.87914292099671
11.886151996267282	24.36506486828178	52.97334629240105	114.74466319243383
15.680941322295196	12.129708058925235	62.67162012394927	113.92888484480837
13.765199267719503	13.107362470238282	63.13494115218724	64.64201546860782
9.692679396121273	23.703946077699197	57.8826819990076	73.61018185174926
13.270893717389086	15.79254965001761	62.756154848153855	108.83841707949985
12.668954850811804	24.919974608310298	53.737218030134365	81.59959503027444
8.335947195784954	22.038167618498118	56.83586774794867	101.65794851380033
17.643963290779176	22.327338958162752	49.7249830075804	88.10688959660291
18.087035881978597	28.464737360506764	55.27754367060866	80.10257304620362
8.864472415618211	12.005477655978062	36.917019998781356	99.12494692144374
11.580403165938938	18.08741578348722	45.33350705522476	81.50648063896472
13.25514157068282	22.595779383356543	58.53272778950698	83.22571024163378
12.286479664713145	24.327113032123957	47.47298575451711	101.88613588110402
10.784168138688335	26.997045849388186	51.17529304165795	71.76199575371548
11.839431321526364	16.36867800302832	48.26142616995062	76.9795824486907
15.790111442721775	10.210117663974955	60.47290070492683	76.79894629236455
10.573817883950605	26.5568579496376	52.03601159406172	96.38756369426757
14.364687818310113	17.73896541103622	59.13939178164461	77.5100806794055
11.609086788823163	23.116529852217802	37.988168807674256	75.92891556426585
11.601160859219195	16.716696248279412	49.13224650294454	85.60808990409255
10.442088764095999	10.522003482897073	58.6547005947722	107.25884456363835
12.253972638054497	16.809016956610073	53.52045488119194	79.66001107726393
13.048485746817693	33.84882484501059	52.72742575110336	86.12715387194096
14.466149228216315	14.284534929568029	58.16243125483853	102.74584976241029
11.141858494469183	29.649738263650825	43.033607772664006	77.79078845782668
11.026837832932554	13.257393527960037	48.75656032422968	92.88029016277424
19.02479147124317	17.057649819836715	65.8176570969036	69.65095198958969
11.590013452763973	21.734521176423318	48.68248977810871	105.5006880553589
12.150346764542482	14.666608888957143	53.612447678006845	90.38754246284499
12.687508179430258	29.16560277098213	57.96334543783121	81.6875150004615
15.168482157245624	35.81222103189558	55.24786831539702	84.14308880591548
13.437955206179556	25.863356334652046	57.677889736393276	101.98685581933987
11.35431433396899	23.248490074184996	67.38002054064867	97.6403795116772
13.88809503388766	21.64858301398389	34.56257616266745	93.2596687898089
10.1285490681124	16.033792772523558	54.30858769238582	92.11019815994337
10.10380583453532	21.289260322877887	56.029941179773786	95.61007706220019
12.975399368737213	20.850648916353276	46.368347433829626	91.8766056263269
22.387489501167906	29.2099849903542	59.21590919618948	76.54739472753003
15.218139469115966	12.682875191225556	64.72305268079495	96.47881200540436
8.54392250039324	26.06760825550201	48.8602477205774	90.19974724497014
7.890449460367759	19.592554766346993	52.82691913641423	86.92860934182589
7.604636599319517	24.76754051447845	50.87022810659399	72.34865656343803
14.217345672610323	18.565820326598818	51.20728661958999	98.79589364987456
6.68292962783407	14.42458043626281	52.12529965371939	84.47064063509642
15.814978514561897	27.51618454451658	50.89148056233776	94.39846351547656
13.230718836211969	20.577004464892084	66.17676877631847	112.98273722031684
17.660177703218796	15.161914895443655	71.83041585970014	92.6105435244161
15.244765220145272	18.54993792362384	61.685851424361104	95.68425053078556
9.79563777616324	22.457317665218007	49.054916666378546	93.32431503386915
12.060075692866512	19.74035979884387	56.66826620504569	102.43966415749851
11.14171803310462	14.566246168015066	55.98523745274557	90.9863841964368
9.964819897834554	18.392587990172917	63.28654467292972	90.24959748761498
11.534150306857459	17.54882696858137	61.88328227219772	117.27734942451669
15.777242410670684	17.41062075498339	51.53915920658676	87.56885513637107
13.137137525342782	14.931853788182146	44.44787108308405	93.54818716315529
11.201752012674717	27.356226161984544	54.240031156777164	95.486093418259
17.63084805232986	21.372190357085316	48.27153961114211	112.92011908058707
9.647884439208289	24.672599628194813	35.826445811561406	86.65358722576076
15.742115843771298	31.178503450674036	69.50629165371143	103.07303201045234
20.48011741001909	23.72617525450587	64.83515590517202	76.04128332153809
20.271848997678152	23.041764704559164	57.504512561694206	83.54185623293901
12.855276866928616	21.284723359745907	49.41528357833805	83.77718001213222
7.5603511871352715	17.568261670493584	53.644526425328785	82.51836518046707
13.967785067812315	19.172323289388796	55.59498981011044	94.15236314963536
12.068460569964982	28.380178720721208	57.21168672887977	63.42901627742393
11.105442228802769	21.81518752905865	51.34368589815917	119.94374134588759
15.298024892720417	14.870624154181877	56.72131108412234	83.8845378082639
10.277754300730003	20.098701708335483	47.204265937827486	95.33466282479017
8.323925443072412	10.88779652159945	47.53447366308587	100.40188133993865
9.74793596739524	25.802704871416818	52.002865633620864	100.26082297037709
6.1404058550290905	26.51263289994653	53.469939667968774	96.16296296296292
14.22709144901935	27.679350107851334	44.24736842889958	84.39638054797288
25.27400338043605	36.39745807776483	52.24948833648823	117.72610934182596
8.555674486614164	20.11285769253663	52.59233560760888	91.72371125265391
13.346954761102115	16.082673251779962	47.445040124425155	75.340322009908
12.677668835882715	19.323222053282375	53.52187637660772	79.05048587293805
10.692877689165593	17.00672708075146	58.481605814934746	118.37253563845918
12.558348241110696	19.500141217427988	60.39101999080409	109.02045710003745
13.1862377362822	11.724685352659884	45.461293791122415	85.21468506723282
